// Created by Crowbar 0.72
version 1
nodes
  0 "Line01" -1
  1 "Rectangle01" -1
  2 "Rectangle02" -1
  3 "Cylinder01" -1
end
skeleton
  time 0
    0 5.687500 6.562500 0.000000 0.000000 0.000000 -0.662889
    1 -1.781269 0.974929 0.000000 -0.343837 0.094156 -0.409314
    2 -4.533604 -6.393265 5.786037 -0.394862 -0.510635 -0.174733
    3 1.609136 -0.163733 0.000000 -1.207566 -0.644165 1.127343
end
triangles
vents
  0 10.439992 3.444924 0.000000 0.788228 -0.615383 0.000000 0.363200 0.490100 1 0 1.000000
  0 13.736600 3.907693 0.000000 0.788228 -0.615383 0.000000 0.269600 0.437500 1 0 1.000000
  0 -0.221809 11.499581 0.000000 0.788228 -0.615383 0.000000 0.840000 0.451200 1 0 1.000000
vents
  0 10.439992 3.444924 0.000000 0.788228 -0.615383 0.000000 0.363200 0.490100 1 0 1.000000
  0 -0.221809 11.499581 0.000000 0.788228 -0.615383 0.000000 0.840000 0.451200 1 0 1.000000
  0 13.736600 3.907693 0.000000 0.788228 -0.615383 0.000000 0.269600 0.437500 1 0 1.000000
vents
  0 3.915534 5.654140 0.000000 0.788228 -0.615383 0.000000 0.605400 0.525800 1 0 1.000000
  0 10.439992 3.444924 0.000000 0.788228 -0.615383 0.000000 0.363200 0.490100 1 0 1.000000
  0 -0.221809 11.499581 0.000000 0.788228 -0.615383 0.000000 0.840000 0.451200 1 0 1.000000
vents
  0 3.915534 5.654140 0.000000 0.788228 -0.615383 0.000000 0.605400 0.525800 1 0 1.000000
  0 -0.221809 11.499581 0.000000 0.788228 -0.615383 0.000000 0.840000 0.451200 1 0 1.000000
  0 10.439992 3.444924 0.000000 0.788228 -0.615383 0.000000 0.363200 0.490100 1 0 1.000000
vents
  0 -0.221809 11.499581 0.000000 0.788228 -0.615383 0.000000 0.840000 0.451200 1 0 1.000000
  0 3.915534 5.654140 0.000000 0.788228 -0.615383 0.000000 0.605400 0.525800 1 0 1.000000
  0 -2.139187 10.280067 0.000000 0.788228 -0.615383 0.000000 0.877200 0.502600 1 0 1.000000
vents
  0 -0.221809 11.499581 0.000000 0.788228 -0.615383 0.000000 0.840000 0.451200 1 0 1.000000
  0 -2.139187 10.280067 0.000000 0.788228 -0.615383 0.000000 0.877200 0.502600 1 0 1.000000
  0 3.915534 5.654140 0.000000 0.788228 -0.615383 0.000000 0.605400 0.525800 1 0 1.000000
vents
  0 3.915534 5.654140 0.000000 0.788228 -0.615383 0.000000 0.605400 0.525800 1 0 1.000000
  0 10.439992 3.444924 0.000000 0.788228 -0.615383 0.000000 0.363200 0.490100 1 0 1.000000
  0 14.260511 -0.347630 0.000000 0.788228 -0.615383 0.000000 0.175800 0.523900 1 0 1.000000
vents
  0 3.915534 5.654140 0.000000 0.788228 -0.615383 0.000000 0.605400 0.525800 1 0 1.000000
  0 14.260511 -0.347630 0.000000 0.788228 -0.615383 0.000000 0.175800 0.523900 1 0 1.000000
  0 10.439992 3.444924 0.000000 0.788228 -0.615383 0.000000 0.363200 0.490100 1 0 1.000000
end
