// Created by Crowbar 0.72
version 1
nodes
  0 "Line01" -1
  1 "Rectangle01" -1
  2 "Rectangle02" -1
  3 "Cylinder01" -1
end
skeleton
  time 0
    0 5.687500 6.562500 0.000000 0.000000 0.000000 -0.662889
    1 -1.781269 0.974929 0.000000 -0.343837 0.094156 -0.409314
    2 -4.533604 -6.393265 5.786037 -0.394862 -0.510635 -0.174733
    3 1.609136 -0.163733 0.000000 -1.207566 -0.644165 1.127343
end
triangles
vents
  0 12.929705 3.444308 -0.000083 0.788216 -0.615398 0.000000 0.363200 0.490100 1 0 1.000000
  0 11.784852 5.431314 -0.000005 0.788216 -0.615398 0.000000 0.269600 0.437500 1 0 1.000000
  0 1.660801 10.029615 -0.000021 0.788216 -0.615398 0.000000 0.840000 0.451200 1 0 1.000000
vents
  0 12.929705 3.444308 -0.000083 0.788216 -0.615398 0.000000 0.363200 0.490100 1 0 1.000000
  0 1.660801 10.029615 -0.000021 0.788216 -0.615398 0.000000 0.840000 0.451200 1 0 1.000000
  0 11.784852 5.431314 -0.000005 0.788216 -0.615398 0.000000 0.269600 0.437500 1 0 1.000000
vents
  0 5.142778 6.589519 -0.000020 0.788216 -0.615398 0.000000 0.605400 0.525800 1 0 1.000000
  0 12.929705 3.444308 -0.000083 0.788216 -0.615398 0.000000 0.363200 0.490100 1 0 1.000000
  0 1.660801 10.029615 -0.000021 0.788216 -0.615398 0.000000 0.840000 0.451200 1 0 1.000000
vents
  0 5.142778 6.589519 -0.000020 0.788216 -0.615398 0.000000 0.605400 0.525800 1 0 1.000000
  0 1.660801 10.029615 -0.000021 0.788216 -0.615398 0.000000 0.840000 0.451200 1 0 1.000000
  0 12.929705 3.444308 -0.000083 0.788216 -0.615398 0.000000 0.363200 0.490100 1 0 1.000000
vents
  0 1.660801 10.029615 -0.000021 0.788216 -0.615398 0.000000 0.840000 0.451200 1 0 1.000000
  0 5.142778 6.589519 -0.000020 0.788216 -0.615398 0.000000 0.605400 0.525800 1 0 1.000000
  0 -0.755116 6.835555 -0.000031 0.788216 -0.615398 0.000000 0.877200 0.502600 1 0 1.000000
vents
  0 1.660801 10.029615 -0.000021 0.788216 -0.615398 0.000000 0.840000 0.451200 1 0 1.000000
  0 -0.755116 6.835555 -0.000031 0.788216 -0.615398 0.000000 0.877200 0.502600 1 0 1.000000
  0 5.142778 6.589519 -0.000020 0.788216 -0.615398 0.000000 0.605400 0.525800 1 0 1.000000
vents
  0 5.142778 6.589519 -0.000020 0.788216 -0.615398 0.000000 0.605400 0.525800 1 0 1.000000
  0 12.929705 3.444308 -0.000083 0.788216 -0.615398 0.000000 0.363200 0.490100 1 0 1.000000
  0 11.567249 1.754995 0.000028 0.788216 -0.615398 0.000000 0.175800 0.523900 1 0 1.000000
vents
  0 5.142778 6.589519 -0.000020 0.788216 -0.615398 0.000000 0.605400 0.525800 1 0 1.000000
  0 11.567249 1.754995 0.000028 0.788216 -0.615398 0.000000 0.175800 0.523900 1 0 1.000000
  0 12.929705 3.444308 -0.000083 0.788216 -0.615398 0.000000 0.363200 0.490100 1 0 1.000000
end
