version 1
nodes
  0 "Box01" -1
  1 "Line01" -1
  2 "Cylinder01" -1
  3 "Line07" -1
  4 "Line05" -1
  5 "Line03" -1
  6 "Line02" -1
  7 "Line06" -1
  8 "Osprey02" -1
  9 "Osprey03" -1
  10 "Osprey01" -1
end
skeleton
  time 0
    0 -6.373976 -0.433619 -10.576586 0.213835 0.249057 -0.524899
    1 -12.708874 -5.717148 -8.487924 -0.103834 -0.004101 -0.295293
    2 2.407497 4.971489 3.151428 -1.450199 -0.849201 0.835092
    3 0.000000 0.307211 0.331751 0.000796 0.000000 0.419463
    4 0.000000 -1.685811 0.944227 0.016648 3.036926 -1.570796
    5 0.000000 -2.868065 1.189286 -0.018241 3.141592 -1.570796
    6 0.000000 4.362511 0.606942 0.157796 0.000000 1.570796
    7 0.000000 3.380157 1.083213 0.035685 0.122111 1.256796
    8 -105.559769 56.877384 -1.659615 0.091896 -0.348057 2.913001
    9 -45.104286 -69.923676 -36.762184 -0.051832 0.007235 -1.432224
    10 -47.389793 64.571663 -43.134674 -0.000001 0.052333 3.141592
end
triangles
seats_dead.bmp
  5 -9.008501 -4.048067 1.024944 0.000000 1.000000 0.000000 0.464646 0.276596
  5 6.208967 -2.478063 1.302556 0.000000 1.000000 0.000000 0.414141 0.553191
  5 8.008666 1.671938 1.335387 0.000000 1.000000 0.000000 0.292929 0.595745
seats_dead.bmp
  5 8.008666 1.671938 1.335387 0.000000 1.000000 0.000000 0.292929 0.595745
  5 6.208967 -2.478063 1.302556 0.000000 1.000000 0.000000 0.414141 0.553191
  5 -9.008501 -4.048067 1.024944 0.000000 1.000000 0.000000 0.464646 0.276596
seats_dead.bmp
  5 6.208967 -2.478063 1.302556 0.000000 1.000000 0.000000 0.414141 0.553191
  5 -5.209132 -6.618066 1.094257 0.000000 1.000000 0.000000 0.545455 0.361702
  5 -9.008501 -4.048067 1.024944 0.000000 1.000000 0.000000 0.464646 0.276596
seats_dead.bmp
  5 -9.008501 -4.048067 1.024944 0.000000 1.000000 0.000000 0.464646 0.276596
  5 -5.209132 -6.618066 1.094257 0.000000 1.000000 0.000000 0.545455 0.361702
  5 6.208967 -2.478063 1.302556 0.000000 1.000000 0.000000 0.414141 0.553191
end
