version 1
nodes
  0 "Box01" -1
  1 "Line01" -1
  2 "Cylinder01" -1
  3 "Line07" -1
  4 "Line05" -1
  5 "Line03" -1
  6 "Line02" -1
  7 "Line06" -1
  8 "Osprey02" -1
  9 "Osprey03" -1
  10 "Osprey01" -1
end
skeleton
  time 0
    0 -21.246586 -1.445398 -35.255283 0.213835 0.249057 -0.524899
    1 -42.362911 -19.057159 -28.293077 -0.103834 -0.004101 -0.295293
    2 8.024990 16.571630 10.504760 -1.450199 -0.849201 0.835092
    3 -0.000001 1.024037 1.105835 0.000796 0.000000 0.419463
    4 0.000000 -5.619370 3.147424 0.016648 3.036926 -1.570796
    5 0.000000 -9.560215 3.964287 -0.018241 3.141592 -1.570796
    6 0.000000 14.541702 2.023139 0.157796 0.000000 1.570796
    7 0.000001 11.267189 3.610709 0.035685 0.122111 1.256796
    8 -351.865875 189.591278 -5.532050 0.091896 -0.348057 2.913001
    9 -150.347610 -233.078918 -122.540611 -0.051832 0.007235 -1.432224
    10 -157.965973 215.238876 -143.782242 -0.000001 0.052333 3.141592
end
triangles
seats_dead.bmp
  4 -3.089563 -33.411040 6.118676 0.000000 0.994525 -0.104503 0.613333 0.742857
  4 -7.568949 -13.741441 4.127364 0.000000 0.994525 -0.104503 0.426667 0.714286
  4 -24.746562 -30.747821 6.201466 0.000000 0.994525 -0.104503 0.586667 0.628571
seats_dead.bmp
  4 -24.746562 -30.747821 6.201466 0.000000 0.994525 -0.104503 0.586667 0.628571
  4 -7.568949 -13.741441 4.127364 0.000000 0.994525 -0.104503 0.426667 0.714286
  4 -3.089563 -33.411040 6.118676 0.000000 0.994525 -0.104503 0.613333 0.742857
seats_dead.bmp
  4 -7.568949 -13.741441 4.127364 0.000000 0.994525 -0.104503 0.426667 0.714286
  4 16.317742 -17.064924 4.076608 0.000000 0.994525 -0.104503 0.453333 0.857143
  4 -3.089563 -33.411040 6.118676 0.000000 0.994525 -0.104503 0.613333 0.742857
seats_dead.bmp
  4 -3.089563 -33.411040 6.118676 0.000000 0.994525 -0.104503 0.613333 0.742857
  4 16.317742 -17.064924 4.076608 0.000000 0.994525 -0.104503 0.453333 0.857143
  4 -7.568949 -13.741441 4.127364 0.000000 0.994525 -0.104503 0.426667 0.714286
seats_dead.bmp
  4 16.317742 -17.064924 4.076608 0.000000 0.994525 -0.104503 0.453333 0.857143
  4 0.639906 11.127359 1.377459 0.000000 0.994525 -0.104503 0.200000 0.771429
  4 -7.568949 -13.741441 4.127364 0.000000 0.994525 -0.104503 0.426667 0.714286
seats_dead.bmp
  4 -7.568949 -13.741441 4.127364 0.000000 0.994525 -0.104503 0.426667 0.714286
  4 0.639906 11.127359 1.377459 0.000000 0.994525 -0.104503 0.200000 0.771429
  4 16.317742 -17.064924 4.076608 0.000000 0.994525 -0.104503 0.453333 0.857143
seats_dead.bmp
  4 0.639906 11.127359 1.377459 0.000000 0.994525 -0.104503 0.200000 0.771429
  4 22.296904 10.433307 1.087807 0.000000 0.994525 -0.104503 0.200000 0.885714
  4 16.317742 -17.064924 4.076608 0.000000 0.994525 -0.104503 0.453333 0.857143
seats_dead.bmp
  4 16.317742 -17.064924 4.076608 0.000000 0.994525 -0.104503 0.453333 0.857143
  4 22.296904 10.433307 1.087807 0.000000 0.994525 -0.104503 0.200000 0.885714
  4 0.639906 11.127359 1.377459 0.000000 0.994525 -0.104503 0.200000 0.771429
seats_dead.bmp
  4 22.296904 10.433307 1.087807 0.000000 0.994525 -0.104503 0.200000 0.885714
  4 -3.839480 34.068954 -0.957578 0.000000 0.994525 -0.104503 0.000000 0.742857
  4 0.639906 11.127359 1.377459 0.000000 0.994525 -0.104503 0.200000 0.771429
seats_dead.bmp
  4 0.639906 11.127359 1.377459 0.000000 0.994525 -0.104503 0.200000 0.771429
  4 -3.839480 34.068954 -0.957578 0.000000 0.994525 -0.104503 0.000000 0.742857
  4 22.296904 10.433307 1.087807 0.000000 0.994525 -0.104503 0.200000 0.885714
end
