version 1
nodes
  0 "rlauncher" -1
end
skeleton
  time 0
    0 -9.932647 -2.422262 6.230360 0.000000 -1.117011 0.000000
end
triangles
w_rpg_reference.BMP
  0 -16.597677 -2.362262 8.168240 0.057702 -0.997938 -0.028101 0.007874 0.094488
  0 -18.451979 -2.452262 7.993420 0.057702 -0.997938 -0.028101 0.047244 0.094488
  0 -17.079885 -2.362262 7.179567 0.057702 -0.997938 -0.028101 0.007874 0.094488
w_rpg_reference.BMP
  0 -17.079885 -2.362262 7.179567 0.057702 -0.997938 -0.028101 0.007874 0.094488
  0 -18.451979 -2.452262 7.993420 0.057702 -0.997938 -0.028101 0.047244 0.094488
  0 -22.101083 -2.452262 9.773205 0.898784 0.000000 -0.438392 0.157480 0.094488
w_rpg_reference.BMP
  0 -18.451979 -2.452262 7.993420 0.057702 -0.997938 -0.028101 0.047244 0.094488
  0 -17.079885 -2.362262 7.179567 0.057702 -0.997938 -0.028101 0.007874 0.094488
  0 -22.101083 -2.452262 9.773205 0.898784 0.000000 -0.438392 0.157480 0.094488
w_rpg_reference.BMP
  0 -22.101083 -2.452262 9.773205 0.898784 0.000000 -0.438392 0.157480 0.094488
  0 -17.079885 -2.362262 7.179567 0.057702 -0.997938 -0.028101 0.007874 0.094488
  0 -22.256939 -2.392262 9.704583 0.898784 0.000000 -0.438392 0.157480 0.094488
w_rpg_reference.BMP
  0 -17.079885 -2.362262 7.179567 0.057702 -0.997938 -0.028101 0.007874 0.094488
  0 -22.101083 -2.452262 9.773205 0.898784 0.000000 -0.438392 0.157480 0.094488
  0 -22.256939 -2.392262 9.704583 0.898784 0.000000 -0.438392 0.157480 0.094488
w_rpg_reference.BMP
  0 -22.256939 -2.392262 9.704583 0.898784 0.000000 -0.438392 0.157480 0.094488
  0 -22.101083 -2.452262 9.773205 0.898784 0.000000 -0.438392 0.157480 0.094488
  0 -21.737235 -2.452262 10.519205 0.875292 0.000000 -0.483595 0.157480 0.094488
w_rpg_reference.BMP
  0 -22.101083 -2.452262 9.773205 0.898784 0.000000 -0.438392 0.157480 0.094488
  0 -22.256939 -2.392262 9.704583 0.898784 0.000000 -0.438392 0.157480 0.094488
  0 -21.737235 -2.452262 10.519205 0.875292 0.000000 -0.483595 0.157480 0.094488
w_rpg_reference.BMP
  0 -21.737235 -2.452262 10.519205 0.875292 0.000000 -0.483595 0.157480 0.094488
  0 -22.256939 -2.392262 9.704583 0.898784 0.000000 -0.438392 0.157480 0.094488
  0 -21.774731 -2.392262 10.693257 0.745294 -0.666695 0.007400 0.157480 0.094488
w_rpg_reference.BMP
  0 -22.256939 -2.392262 9.704583 0.898784 0.000000 -0.438392 0.157480 0.094488
  0 -21.737235 -2.452262 10.519205 0.875292 0.000000 -0.483595 0.157480 0.094488
  0 -21.774731 -2.392262 10.693257 0.745294 -0.666695 0.007400 0.157480 0.094488
w_rpg_reference.BMP
  0 -21.774731 -2.392262 10.693257 0.745294 -0.666695 0.007400 0.157480 0.094488
  0 -21.737235 -2.452262 10.519205 0.875292 0.000000 -0.483595 0.157480 0.094488
  0 -18.088131 -2.452262 8.739419 0.057702 -0.997938 -0.028101 0.047244 0.094488
w_rpg_reference.BMP
  0 -21.737235 -2.452262 10.519205 0.875292 0.000000 -0.483595 0.157480 0.094488
  0 -21.774731 -2.392262 10.693257 0.745294 -0.666695 0.007400 0.157480 0.094488
  0 -18.088131 -2.452262 8.739419 0.057702 -0.997938 -0.028101 0.047244 0.094488
w_rpg_reference.BMP
  0 -18.088131 -2.452262 8.739419 0.057702 -0.997938 -0.028101 0.047244 0.094488
  0 -21.774731 -2.392262 10.693257 0.745294 -0.666695 0.007400 0.157480 0.094488
  0 -16.597677 -2.362262 8.168240 0.057702 -0.997938 -0.028101 0.007874 0.094488
w_rpg_reference.BMP
  0 -21.774731 -2.392262 10.693257 0.745294 -0.666695 0.007400 0.157480 0.094488
  0 -18.088131 -2.452262 8.739419 0.057702 -0.997938 -0.028101 0.047244 0.094488
  0 -16.597677 -2.362262 8.168240 0.057702 -0.997938 -0.028101 0.007874 0.094488
w_rpg_reference.BMP
  0 -16.597677 -2.362262 8.168240 0.057702 -0.997938 -0.028101 0.007874 0.094488
  0 -18.088131 -2.452262 8.739419 0.057702 -0.997938 -0.028101 0.047244 0.094488
  0 -18.451979 -2.452262 7.993420 0.057702 -0.997938 -0.028101 0.047244 0.094488
w_rpg_reference.BMP
  0 -7.119936 -34.972261 9.898596 -0.369209 0.006600 0.929323 0.165354 0.377953
  0 -5.738907 -34.972261 9.992719 0.600288 0.000000 0.799784 0.165354 0.314961
  0 -5.738907 -29.952262 9.992719 0.260612 0.000000 0.965444 0.015748 0.314961
w_rpg_reference.BMP
  0 -5.738907 -29.952262 9.992719 0.260612 0.000000 0.965444 0.015748 0.314961
  0 -5.738907 -34.972261 9.992719 0.600288 0.000000 0.799784 0.165354 0.314961
  0 -4.962830 -29.952262 8.846506 0.966411 0.000000 0.257003 0.015748 0.291339
w_rpg_reference.BMP
  0 -5.738907 -34.972261 9.992719 0.600288 0.000000 0.799784 0.165354 0.314961
  0 -4.962830 -34.972261 8.846506 0.992774 0.000000 -0.119997 0.165354 0.291339
  0 -4.962830 -29.952262 8.846506 0.966411 0.000000 0.257003 0.015748 0.291339
w_rpg_reference.BMP
  0 -4.962830 -29.952262 8.846506 0.966411 0.000000 0.257003 0.015748 0.291339
  0 -4.962830 -34.972261 8.846506 0.992774 0.000000 -0.119997 0.165354 0.291339
  0 -5.572165 -29.952262 7.597182 0.705806 0.000000 -0.708406 0.015748 0.338583
w_rpg_reference.BMP
  0 -4.962830 -34.972261 8.846506 0.992774 0.000000 -0.119997 0.165354 0.291339
  0 -5.572165 -34.972261 7.597182 0.392398 0.000000 -0.919795 0.165354 0.338583
  0 -5.572165 -29.952262 7.597182 0.705806 0.000000 -0.708406 0.015748 0.338583
w_rpg_reference.BMP
  0 -5.572165 -29.952262 7.597182 0.705806 0.000000 -0.708406 0.015748 0.338583
  0 -5.572165 -34.972261 7.597182 0.392398 0.000000 -0.919795 0.165354 0.338583
  0 -6.953194 -29.952262 7.503059 -0.238204 0.000000 -0.971215 0.015748 0.401575
w_rpg_reference.BMP
  0 -5.572165 -34.972261 7.597182 0.392398 0.000000 -0.919795 0.165354 0.338583
  0 -6.953194 -34.972261 7.503059 -0.600288 0.000000 -0.799784 0.165354 0.401575
  0 -6.953194 -29.952262 7.503059 -0.238204 0.000000 -0.971215 0.015748 0.401575
w_rpg_reference.BMP
  0 -6.953194 -29.952262 7.503059 -0.238204 0.000000 -0.971215 0.015748 0.401575
  0 -6.953194 -34.972261 7.503059 -0.600288 0.000000 -0.799784 0.165354 0.401575
  0 -7.729271 -29.952262 8.649272 -0.966411 0.000000 -0.257003 0.015748 0.417323
w_rpg_reference.BMP
  0 -6.953194 -34.972261 7.503059 -0.600288 0.000000 -0.799784 0.165354 0.401575
  0 -7.729271 -34.972261 8.649272 -0.992774 0.000000 0.119997 0.165354 0.417323
  0 -7.729271 -29.952262 8.649272 -0.966411 0.000000 -0.257003 0.015748 0.417323
w_rpg_reference.BMP
  0 -7.729271 -29.952262 8.649272 -0.966411 0.000000 -0.257003 0.015748 0.417323
  0 -7.729271 -34.972261 8.649272 -0.992774 0.000000 0.119997 0.165354 0.417323
  0 -7.119936 -29.952262 9.898596 -0.705806 0.000000 0.708406 0.015748 0.377953
w_rpg_reference.BMP
  0 -7.729271 -34.972261 8.649272 -0.992774 0.000000 0.119997 0.165354 0.417323
  0 -7.119936 -34.972261 9.898596 -0.369209 0.006600 0.929323 0.165354 0.377953
  0 -7.119936 -29.952262 9.898596 -0.705806 0.000000 0.708406 0.015748 0.377953
w_rpg_reference.BMP
  0 -7.119936 -29.952262 9.898596 -0.705806 0.000000 0.708406 0.015748 0.377953
  0 -7.119936 -34.972261 9.898596 -0.369209 0.006600 0.929323 0.165354 0.377953
  0 -5.738907 -29.952262 9.992719 0.260612 0.000000 0.965444 0.015748 0.314961
w_rpg_reference.BMP
  0 -15.716090 19.257739 5.846839 -0.941642 -0.000400 -0.336615 0.795276 0.826772
  0 -14.939518 28.307738 3.743547 -0.641786 0.000000 -0.766884 0.929134 0.748031
  0 -14.939518 -26.622262 3.743547 -0.826517 -0.000300 -0.562912 0.118110 0.748031
w_rpg_reference.BMP
  0 -14.939518 -26.622262 3.743547 -0.826517 -0.000300 -0.562912 0.118110 0.748031
  0 -14.939518 28.307738 3.743547 -0.641786 0.000000 -0.766884 0.929134 0.748031
  0 -12.935428 -26.622262 2.788339 -0.188399 0.000000 -0.982093 0.118110 0.637795
w_rpg_reference.BMP
  0 -14.939518 28.307738 3.743547 -0.641786 0.000000 -0.766884 0.929134 0.748031
  0 -12.935428 28.307738 2.788339 0.084701 0.000000 -0.996406 0.929134 0.637795
  0 -12.935428 -26.622262 2.788339 -0.188399 0.000000 -0.982093 0.118110 0.637795
w_rpg_reference.BMP
  0 -12.935428 -26.622262 2.788339 -0.188399 0.000000 -0.982093 0.118110 0.637795
  0 -12.935428 28.307738 2.788339 0.084701 0.000000 -0.996406 0.929134 0.637795
  0 -10.858659 -26.622262 3.533343 0.561191 0.000000 -0.827686 0.118110 0.519685
w_rpg_reference.BMP
  0 -12.935428 28.307738 2.788339 0.084701 0.000000 -0.996406 0.929134 0.637795
  0 -10.858659 28.307738 3.533343 0.764512 0.000000 -0.644610 0.929134 0.519685
  0 -10.858659 -26.622262 3.533343 0.561191 0.000000 -0.827686 0.118110 0.519685
w_rpg_reference.BMP
  0 -10.858659 -26.622262 3.533343 0.561191 0.000000 -0.827686 0.118110 0.519685
  0 -10.858659 28.307738 3.533343 0.764512 0.000000 -0.644610 0.929134 0.519685
  0 -9.907835 -26.622262 5.528445 0.982093 0.000000 -0.188399 0.118110 0.472441
w_rpg_reference.BMP
  0 -10.858659 28.307738 3.533343 0.764512 0.000000 -0.644610 0.929134 0.519685
  0 -9.907835 28.307738 5.528445 0.996406 0.000000 0.084701 0.929134 0.472441
  0 -9.907835 -26.622262 5.528445 0.982093 0.000000 -0.188399 0.118110 0.472441
w_rpg_reference.BMP
  0 -9.907835 -26.622262 5.528445 0.982093 0.000000 -0.188399 0.118110 0.472441
  0 -9.907835 28.307738 5.528445 0.996406 0.000000 0.084701 0.929134 0.472441
  0 -10.639467 -26.622262 7.609819 0.827686 0.000000 0.561191 0.118110 0.559055
w_rpg_reference.BMP
  0 -9.907835 28.307738 5.528445 0.996406 0.000000 0.084701 0.929134 0.472441
  0 -10.639467 28.307738 7.609819 0.644610 0.000000 0.764512 0.929134 0.559055
  0 -10.639467 -26.622262 7.609819 0.827686 0.000000 0.561191 0.118110 0.559055
w_rpg_reference.BMP
  0 -10.639467 -26.622262 7.609819 0.827686 0.000000 0.561191 0.118110 0.559055
  0 -10.639467 28.307738 7.609819 0.644610 0.000000 0.764512 0.929134 0.559055
  0 -12.634569 -26.622262 8.560642 0.188399 0.000000 0.982093 0.118110 0.669291
w_rpg_reference.BMP
  0 -10.639467 28.307738 7.609819 0.644610 0.000000 0.764512 0.929134 0.559055
  0 -12.634569 28.307738 8.560642 0.060199 -0.000500 0.998186 0.929134 0.669291
  0 -12.634569 -26.622262 8.560642 0.188399 0.000000 0.982093 0.118110 0.669291
w_rpg_reference.BMP
  0 -12.784998 28.907738 5.674491 0.000900 1.000000 0.000200 0.944882 0.716535
  0 -16.266746 32.137740 9.531099 0.352599 0.849897 -0.391599 0.984252 0.976378
  0 -12.514137 32.137740 10.860620 -0.027600 0.849909 -0.526206 0.984252 0.826772
w_rpg_reference.BMP
  0 -12.784998 28.907738 5.674491 0.000900 1.000000 0.000200 0.944882 0.716535
  0 -17.980115 32.137740 5.949736 0.526206 0.849909 -0.027600 0.984252 0.968504
  0 -16.266746 32.137740 9.531099 0.352599 0.849897 -0.391599 0.984252 0.976378
w_rpg_reference.BMP
  0 -12.784998 28.907738 5.674491 0.000900 1.000000 0.000200 0.944882 0.716535
  0 -16.650595 32.137740 2.197126 0.391599 0.849897 0.352599 0.984252 0.818898
  0 -17.980115 32.137740 5.949736 0.526206 0.849909 -0.027600 0.984252 0.968504
w_rpg_reference.BMP
  0 -12.784998 28.907738 5.674491 0.000900 1.000000 0.000200 0.944882 0.716535
  0 -13.055859 32.137740 0.488362 0.027600 0.849909 0.526206 0.984252 0.614173
  0 -16.650595 32.137740 2.197126 0.391599 0.849897 0.352599 0.984252 0.818898
w_rpg_reference.BMP
  0 -12.784998 28.907738 5.674491 0.000900 1.000000 0.000200 0.944882 0.716535
  0 -9.316622 32.137740 1.813278 -0.350496 0.849890 0.393496 0.984252 0.464567
  0 -13.055859 32.137740 0.488362 0.027600 0.849909 0.526206 0.984252 0.614173
w_rpg_reference.BMP
  0 -12.784998 28.907738 5.674491 0.000900 1.000000 0.000200 0.944882 0.716535
  0 -7.576289 32.137740 5.381491 -0.523600 0.851500 0.028100 0.984252 0.464567
  0 -9.316622 32.137740 1.813278 -0.350496 0.849890 0.393496 0.984252 0.464567
w_rpg_reference.BMP
  0 -12.784998 28.907738 5.674491 0.000900 1.000000 0.000200 0.944882 0.716535
  0 -8.923786 32.137740 9.142867 -0.390290 0.849878 -0.354091 0.984252 0.614173
  0 -7.576289 32.137740 5.381491 -0.523600 0.851500 0.028100 0.984252 0.464567
w_rpg_reference.BMP
  0 -12.784998 28.907738 5.674491 0.000900 1.000000 0.000200 0.944882 0.716535
  0 -12.514137 32.137740 10.860620 -0.027600 0.849909 -0.526206 0.984252 0.826772
  0 -8.923786 32.137740 9.142867 -0.390290 0.849878 -0.354091 0.984252 0.614173
w_rpg_reference.BMP
  0 -12.784998 -28.402261 5.674491 0.000000 -1.000000 0.000000 0.708661 0.330709
  0 -12.555743 -28.402261 10.090965 0.000000 -1.000000 0.000000 0.755906 0.354331
  0 -15.751346 -28.402261 8.968194 0.000000 -1.000000 0.000000 0.732283 0.377953
w_rpg_reference.BMP
  0 -12.784998 -28.402261 5.674491 0.000000 -1.000000 0.000000 0.708661 0.330709
  0 -9.495679 -28.402261 8.631851 0.000000 -1.000000 0.000000 0.755906 0.314961
  0 -12.555743 -28.402261 10.090965 0.000000 -1.000000 0.000000 0.755906 0.354331
w_rpg_reference.BMP
  0 -12.784998 -28.402261 5.674491 0.000000 -1.000000 0.000000 0.708661 0.330709
  0 -8.332573 -28.402261 5.427700 0.000000 -1.000000 0.000000 0.732283 0.283465
  0 -9.495679 -28.402261 8.631851 0.000000 -1.000000 0.000000 0.755906 0.314961
w_rpg_reference.BMP
  0 -12.784998 -28.402261 5.674491 0.000000 -1.000000 0.000000 0.708661 0.330709
  0 -9.836626 -28.402261 2.389555 0.000000 -1.000000 0.000000 0.692913 0.283465
  0 -8.332573 -28.402261 5.427700 0.000000 -1.000000 0.000000 0.732283 0.283465
w_rpg_reference.BMP
  0 -12.784998 -28.402261 5.674491 0.000000 -1.000000 0.000000 0.708661 0.330709
  0 -13.014254 -28.402261 1.258017 0.000000 -1.000000 0.000000 0.661417 0.307087
  0 -9.836626 -28.402261 2.389555 0.000000 -1.000000 0.000000 0.692913 0.283465
w_rpg_reference.BMP
  0 -12.784998 -28.402261 5.674491 0.000000 -1.000000 0.000000 0.708661 0.330709
  0 -16.074317 -28.402261 2.717131 0.000000 -1.000000 0.000000 0.661417 0.346457
  0 -13.014254 -28.402261 1.258017 0.000000 -1.000000 0.000000 0.661417 0.307087
w_rpg_reference.BMP
  0 -12.784998 -28.402261 5.674491 0.000000 -1.000000 0.000000 0.708661 0.330709
  0 -17.210460 -28.402261 5.908130 0.000000 -1.000000 0.000000 0.692913 0.377953
  0 -16.074317 -28.402261 2.717131 0.000000 -1.000000 0.000000 0.661417 0.346457
w_rpg_reference.BMP
  0 -12.784998 -28.402261 5.674491 0.000000 -1.000000 0.000000 0.708661 0.330709
  0 -15.751346 -28.402261 8.968194 0.000000 -1.000000 0.000000 0.732283 0.377953
  0 -17.210460 -28.402261 5.908130 0.000000 -1.000000 0.000000 0.692913 0.377953
w_rpg_reference.BMP
  0 -6.343859 -29.182262 8.752383 0.000900 1.000000 0.000200 0.000000 0.354331
  0 -7.119936 -29.952262 9.898596 -0.273000 0.872701 0.404801 0.015748 0.377953
  0 -5.738907 -29.952262 9.992719 0.214092 0.872666 0.438883 0.015748 0.314961
w_rpg_reference.BMP
  0 -6.343859 -29.182262 8.752383 0.000900 1.000000 0.000200 0.000000 0.354331
  0 -7.729271 -29.952262 8.649272 -0.487092 0.872685 -0.034099 0.015748 0.417323
  0 -7.119936 -29.952262 9.898596 -0.273000 0.872701 0.404801 0.015748 0.377953
w_rpg_reference.BMP
  0 -6.343859 -29.182262 8.752383 0.000900 1.000000 0.000200 0.000000 0.354331
  0 -6.953194 -29.952262 7.503059 -0.214092 0.872666 -0.438883 0.015748 0.401575
  0 -7.729271 -29.952262 8.649272 -0.487092 0.872685 -0.034099 0.015748 0.417323
w_rpg_reference.BMP
  0 -6.343859 -29.182262 8.752383 0.000900 1.000000 0.000200 0.000000 0.354331
  0 -5.572165 -29.952262 7.597182 0.273000 0.872701 -0.404801 0.015748 0.338583
  0 -6.953194 -29.952262 7.503059 -0.214092 0.872666 -0.438883 0.015748 0.401575
w_rpg_reference.BMP
  0 -6.343859 -29.182262 8.752383 0.000900 1.000000 0.000200 0.000000 0.354331
  0 -4.962830 -29.952262 8.846506 0.487092 0.872685 0.034099 0.015748 0.291339
  0 -5.572165 -29.952262 7.597182 0.273000 0.872701 -0.404801 0.015748 0.338583
w_rpg_reference.BMP
  0 -6.343859 -29.182262 8.752383 0.000900 1.000000 0.000200 0.000000 0.354331
  0 -5.738907 -29.952262 9.992719 0.214092 0.872666 0.438883 0.015748 0.314961
  0 -4.962830 -29.952262 8.846506 0.487092 0.872685 0.034099 0.015748 0.291339
w_rpg_reference.BMP
  0 -7.770389 2.967738 3.295460 0.000900 1.000000 0.000200 0.732283 0.062992
  0 -12.704768 2.967738 5.702116 0.000900 1.000000 0.000200 0.732283 0.346457
  0 -6.244858 2.967738 6.423263 0.000900 1.000000 0.000200 0.606299 0.062992
w_rpg_reference.BMP
  0 -6.244858 2.967738 6.423263 0.000900 1.000000 0.000200 0.606299 0.062992
  0 -12.704768 2.967738 5.702116 0.000900 1.000000 0.000200 0.732283 0.346457
  0 -11.179238 2.967738 8.829920 0.000900 1.000000 0.000200 0.606299 0.346457
w_rpg_reference.BMP
  0 -12.704768 2.967738 5.702116 0.000900 1.000000 0.000200 0.732283 0.346457
  0 -13.687982 2.967738 6.537694 0.000900 1.000000 0.000200 0.732283 0.425197
  0 -11.179238 2.967738 8.829920 0.000900 1.000000 0.000200 0.606299 0.346457
w_rpg_reference.BMP
  0 -11.179238 2.967738 8.829920 0.000900 1.000000 0.000200 0.606299 0.346457
  0 -13.687982 2.967738 6.537694 0.000900 1.000000 0.000200 0.732283 0.425197
  0 -12.447393 2.967738 9.081282 0.000900 1.000000 0.000200 0.606299 0.425197
w_rpg_reference.BMP
  0 -7.119936 -34.972261 9.898596 0.000000 -1.000000 0.000000 0.102362 0.094488
  0 -4.962830 -34.972261 8.846506 0.000000 -1.000000 0.000000 0.102362 0.023622
  0 -5.738907 -34.972261 9.992719 0.000000 -1.000000 0.000000 0.118110 0.055118
w_rpg_reference.BMP
  0 -7.119936 -34.972261 9.898596 0.000000 -1.000000 0.000000 0.102362 0.094488
  0 -5.572165 -34.972261 7.597182 0.000000 -1.000000 0.000000 0.062992 0.023622
  0 -4.962830 -34.972261 8.846506 0.000000 -1.000000 0.000000 0.102362 0.023622
w_rpg_reference.BMP
  0 -7.119936 -34.972261 9.898596 0.000000 -1.000000 0.000000 0.102362 0.094488
  0 -6.953194 -34.972261 7.503059 0.000000 -1.000000 0.000000 0.047244 0.055118
  0 -5.572165 -34.972261 7.597182 0.000000 -1.000000 0.000000 0.062992 0.023622
w_rpg_reference.BMP
  0 -7.119936 -34.972261 9.898596 0.000000 -1.000000 0.000000 0.102362 0.094488
  0 -7.729271 -34.972261 8.649272 0.000000 -1.000000 0.000000 0.062992 0.094488
  0 -6.953194 -34.972261 7.503059 0.000000 -1.000000 0.000000 0.047244 0.055118
w_rpg_reference.BMP
  0 -8.328984 -26.352262 7.784666 -0.875206 0.090001 0.475304 0.125984 0.078740
  0 -9.719609 -24.552261 6.849646 0.004000 0.209002 0.977907 0.157480 0.078740
  0 -8.887974 -26.522262 7.779153 0.793500 0.255800 -0.552200 0.125984 0.102362
w_rpg_reference.BMP
  0 -8.887974 -26.522262 7.779153 0.793500 0.255800 -0.552200 0.125984 0.102362
  0 -9.719609 -24.552261 6.849646 0.004000 0.209002 0.977907 0.157480 0.078740
  0 -9.998924 -24.552261 7.508799 0.151200 -0.291000 -0.944700 0.157480 0.102362
w_rpg_reference.BMP
  0 -9.719609 -24.552261 6.849646 0.004000 0.209002 0.977907 0.157480 0.078740
  0 -8.328984 -26.352262 7.784666 -0.875206 0.090001 0.475304 0.125984 0.078740
  0 -9.998924 -24.552261 7.508799 0.151200 -0.291000 -0.944700 0.157480 0.102362
w_rpg_reference.BMP
  0 -9.998924 -24.552261 7.508799 0.151200 -0.291000 -0.944700 0.157480 0.102362
  0 -8.328984 -26.352262 7.784666 -0.875206 0.090001 0.475304 0.125984 0.078740
  0 -8.887974 -26.522262 7.779153 0.793500 0.255800 -0.552200 0.125984 0.102362
w_rpg_reference.BMP
  0 -6.993804 -27.132261 8.446325 0.763486 0.566890 -0.309394 0.086614 0.078740
  0 -8.328984 -26.352262 7.784666 -0.875206 0.090001 0.475304 0.125984 0.078740
  0 -7.486376 -27.392261 8.508553 -0.951204 -0.269201 0.150801 0.086614 0.102362
w_rpg_reference.BMP
  0 -7.486376 -27.392261 8.508553 -0.951204 -0.269201 0.150801 0.086614 0.102362
  0 -8.328984 -26.352262 7.784666 -0.875206 0.090001 0.475304 0.125984 0.078740
  0 -8.887974 -26.522262 7.779153 0.793500 0.255800 -0.552200 0.125984 0.102362
w_rpg_reference.BMP
  0 -8.328984 -26.352262 7.784666 -0.875206 0.090001 0.475304 0.125984 0.078740
  0 -6.993804 -27.132261 8.446325 0.763486 0.566890 -0.309394 0.086614 0.078740
  0 -8.887974 -26.522262 7.779153 0.793500 0.255800 -0.552200 0.125984 0.102362
w_rpg_reference.BMP
  0 -8.887974 -26.522262 7.779153 0.793500 0.255800 -0.552200 0.125984 0.102362
  0 -6.993804 -27.132261 8.446325 0.763486 0.566890 -0.309394 0.086614 0.078740
  0 -7.486376 -27.392261 8.508553 -0.951204 -0.269201 0.150801 0.086614 0.102362
w_rpg_reference.BMP
  0 -6.381134 -27.932262 8.904076 -0.158703 -0.968517 0.191803 0.047244 0.078740
  0 -6.993804 -27.132261 8.446325 0.763486 0.566890 -0.309394 0.086614 0.078740
  0 -6.892123 -28.042263 9.019789 0.503904 0.853706 -0.131401 0.047244 0.102362
w_rpg_reference.BMP
  0 -6.892123 -28.042263 9.019789 0.503904 0.853706 -0.131401 0.047244 0.102362
  0 -6.993804 -27.132261 8.446325 0.763486 0.566890 -0.309394 0.086614 0.078740
  0 -7.486376 -27.392261 8.508553 -0.951204 -0.269201 0.150801 0.086614 0.102362
w_rpg_reference.BMP
  0 -6.993804 -27.132261 8.446325 0.763486 0.566890 -0.309394 0.086614 0.078740
  0 -6.381134 -27.932262 8.904076 -0.158703 -0.968517 0.191803 0.047244 0.078740
  0 -7.486376 -27.392261 8.508553 -0.951204 -0.269201 0.150801 0.086614 0.102362
w_rpg_reference.BMP
  0 -7.486376 -27.392261 8.508553 -0.951204 -0.269201 0.150801 0.086614 0.102362
  0 -6.381134 -27.932262 8.904076 -0.158703 -0.968517 0.191803 0.047244 0.078740
  0 -6.892123 -28.042263 9.019789 0.503904 0.853706 -0.131401 0.047244 0.102362
w_rpg_reference.BMP
  0 -6.168069 -29.932262 9.067181 -0.188399 0.000000 -0.982093 0.000000 0.078740
  0 -6.381134 -27.932262 8.904076 -0.158703 -0.968517 0.191803 0.047244 0.078740
  0 -6.814733 -29.922262 8.881910 0.234397 0.071799 0.969486 0.000000 0.102362
w_rpg_reference.BMP
  0 -6.814733 -29.922262 8.881910 0.234397 0.071799 0.969486 0.000000 0.102362
  0 -6.381134 -27.932262 8.904076 -0.158703 -0.968517 0.191803 0.047244 0.078740
  0 -6.892123 -28.042263 9.019789 0.503904 0.853706 -0.131401 0.047244 0.102362
w_rpg_reference.BMP
  0 -6.381134 -27.932262 8.904076 -0.158703 -0.968517 0.191803 0.047244 0.078740
  0 -6.168069 -29.932262 9.067181 -0.188399 0.000000 -0.982093 0.000000 0.078740
  0 -6.892123 -28.042263 9.019789 0.503904 0.853706 -0.131401 0.047244 0.102362
w_rpg_reference.BMP
  0 -6.892123 -28.042263 9.019789 0.503904 0.853706 -0.131401 0.047244 0.102362
  0 -6.168069 -29.932262 9.067181 -0.188399 0.000000 -0.982093 0.000000 0.078740
  0 -6.814733 -29.922262 8.881910 0.234397 0.071799 0.969486 0.000000 0.102362
w_rpg_reference.BMP
  0 -16.369724 -9.772262 8.635613 -0.902592 0.000800 0.430496 0.362205 0.913386
  0 -16.351748 17.587739 8.626846 -0.902592 0.000800 0.430496 0.779528 0.913386
  0 -17.324931 -9.772262 6.631523 -0.902592 0.000800 0.430496 0.377953 0.992126
w_rpg_reference.BMP
  0 -17.324931 -9.772262 6.631523 -0.902592 0.000800 0.430496 0.377953 0.992126
  0 -16.351748 17.587739 8.626846 -0.902592 0.000800 0.430496 0.779528 0.913386
  0 -17.306955 17.587739 6.622755 -0.902592 0.000800 0.430496 0.779528 0.992126
w_rpg_reference.BMP
  0 -14.724930 -26.622262 7.833394 -0.219090 0.754565 0.618572 0.118110 0.787402
  0 -16.221586 -28.422262 9.486821 -0.219090 0.754565 0.618572 0.000000 0.795276
  0 -12.634569 -26.622262 8.560642 -0.219090 0.754565 0.618572 0.118110 0.669291
w_rpg_reference.BMP
  0 -12.634569 -26.622262 8.560642 -0.219090 0.754565 0.618572 0.118110 0.669291
  0 -16.221586 -28.422262 9.486821 -0.219090 0.754565 0.618572 0.000000 0.795276
  0 -12.522464 -28.422262 10.797925 -0.219090 0.754565 0.618572 0.000000 0.669291
w_rpg_reference.BMP
  0 -15.680138 -26.622262 5.829304 -0.592286 0.754582 0.282493 0.118110 0.826772
  0 -17.913037 -28.422262 5.950397 -0.592286 0.754582 0.282493 0.000000 0.826772
  0 -14.724930 -26.622262 7.833394 -0.592286 0.754582 0.282493 0.118110 0.787402
w_rpg_reference.BMP
  0 -14.724930 -26.622262 7.833394 -0.592286 0.754582 0.282493 0.118110 0.787402
  0 -17.913037 -28.422262 5.950397 -0.592286 0.754582 0.282493 0.000000 0.826772
  0 -16.221586 -28.422262 9.486821 -0.592286 0.754582 0.282493 0.000000 0.795276
w_rpg_reference.BMP
  0 -14.939518 -26.622262 3.743547 -0.618618 0.754522 -0.219106 0.118110 0.748031
  0 -16.606317 -28.422262 2.242286 -0.618618 0.754522 -0.219106 0.000000 0.748031
  0 -15.680138 -26.622262 5.829304 -0.618618 0.754522 -0.219106 0.118110 0.826772
w_rpg_reference.BMP
  0 -15.680138 -26.622262 5.829304 -0.618618 0.754522 -0.219106 0.118110 0.826772
  0 -16.606317 -28.422262 2.242286 -0.618618 0.754522 -0.219106 0.000000 0.748031
  0 -17.913037 -28.422262 5.950397 -0.618618 0.754522 -0.219106 0.000000 0.826772
w_rpg_reference.BMP
  0 -12.935428 -26.622262 2.788339 -0.282590 0.754473 -0.592379 0.118110 0.637795
  0 -13.060905 -28.422262 0.546453 -0.282590 0.754473 -0.592379 0.000000 0.637795
  0 -14.939518 -26.622262 3.743547 -0.282590 0.754473 -0.592379 0.118110 0.748031
w_rpg_reference.BMP
  0 -14.939518 -26.622262 3.743547 -0.282590 0.754473 -0.592379 0.118110 0.748031
  0 -13.060905 -28.422262 0.546453 -0.282590 0.754473 -0.592379 0.000000 0.637795
  0 -16.606317 -28.422262 2.242286 -0.282590 0.754473 -0.592379 0.000000 0.748031
w_rpg_reference.BMP
  0 -10.858659 -26.622262 3.533343 0.219109 0.754432 -0.618727 0.118110 0.519685
  0 -9.357398 -28.422262 1.866544 0.219109 0.754432 -0.618727 0.000000 0.511811
  0 -12.935428 -26.622262 2.788339 0.219109 0.754432 -0.618727 0.118110 0.637795
w_rpg_reference.BMP
  0 -12.935428 -26.622262 2.788339 0.219109 0.754432 -0.618727 0.118110 0.637795
  0 -9.357398 -28.422262 1.866544 0.219109 0.754432 -0.618727 0.000000 0.511811
  0 -13.060905 -28.422262 0.546453 0.219109 0.754432 -0.618727 0.000000 0.637795
w_rpg_reference.BMP
  0 -9.907835 -26.622262 5.528445 0.585379 0.761173 -0.279190 0.118110 0.472441
  0 -7.629996 -28.422262 5.385433 0.585379 0.761173 -0.279190 0.000000 0.472441
  0 -10.858659 -26.622262 3.533343 0.585379 0.761173 -0.279190 0.118110 0.519685
w_rpg_reference.BMP
  0 -10.858659 -26.622262 3.533343 0.585379 0.761173 -0.279190 0.118110 0.519685
  0 -7.629996 -28.422262 5.385433 0.585379 0.761173 -0.279190 0.000000 0.472441
  0 -9.357398 -28.422262 1.866544 0.585379 0.761173 -0.279190 0.000000 0.511811
w_rpg_reference.BMP
  0 -10.639467 -26.622262 7.609819 0.618727 0.754432 0.219109 0.118110 0.559055
  0 -8.977052 -28.422262 9.102091 0.618727 0.754432 0.219109 0.000000 0.559055
  0 -9.907835 -26.622262 5.528445 0.618727 0.754432 0.219109 0.118110 0.472441
w_rpg_reference.BMP
  0 -9.907835 -26.622262 5.528445 0.618727 0.754432 0.219109 0.118110 0.472441
  0 -8.977052 -28.422262 9.102091 0.618727 0.754432 0.219109 0.000000 0.559055
  0 -7.629996 -28.422262 5.385433 0.618727 0.754432 0.219109 0.000000 0.472441
w_rpg_reference.BMP
  0 -12.634569 -26.622262 8.560642 0.282590 0.754473 0.592379 0.118110 0.669291
  0 -12.522464 -28.422262 10.797925 0.282590 0.754473 0.592379 0.000000 0.669291
  0 -10.639467 -26.622262 7.609819 0.282590 0.754473 0.592379 0.118110 0.559055
w_rpg_reference.BMP
  0 -10.639467 -26.622262 7.609819 0.282590 0.754473 0.592379 0.118110 0.559055
  0 -12.522464 -28.422262 10.797925 0.282590 0.754473 0.592379 0.000000 0.669291
  0 -8.977052 -28.422262 9.102091 0.282590 0.754473 0.592379 0.000000 0.559055
w_rpg_reference.BMP
  0 -12.634569 28.307738 8.560642 -0.247012 -0.672632 0.697533 0.937008 0.779528
  0 -12.503853 30.967738 11.178258 -0.247012 -0.672632 0.697533 0.976378 0.834646
  0 -14.724930 28.307738 7.833394 -0.247012 -0.672632 0.697533 0.937008 0.858268
w_rpg_reference.BMP
  0 -14.724930 28.307738 7.833394 -0.247012 -0.672632 0.697533 0.937008 0.858268
  0 -12.503853 30.967738 11.178258 -0.247012 -0.672632 0.697533 0.976378 0.834646
  0 -16.474792 30.967738 9.766082 -0.247012 -0.672632 0.697533 0.976378 0.992126
w_rpg_reference.BMP
  0 -14.724930 28.307738 7.833394 -0.667904 -0.672604 0.318602 0.937008 0.858268
  0 -16.474792 30.967738 9.766082 -0.667904 -0.672604 0.318602 0.976378 0.992126
  0 -15.680138 28.307738 5.829304 -0.667904 -0.672604 0.318602 0.937008 0.858268
w_rpg_reference.BMP
  0 -15.680138 28.307738 5.829304 -0.667904 -0.672604 0.318602 0.937008 0.858268
  0 -16.474792 30.967738 9.766082 -0.667904 -0.672604 0.318602 0.976378 0.992126
  0 -18.293370 30.967738 5.969008 -0.667904 -0.672604 0.318602 0.976378 0.984252
w_rpg_reference.BMP
  0 -15.680138 28.307738 5.829304 -0.697533 -0.672632 -0.247012 0.937008 0.858268
  0 -18.293370 30.967738 5.969008 -0.697533 -0.672632 -0.247012 0.976378 0.984252
  0 -14.939518 28.307738 3.743547 -0.697533 -0.672632 -0.247012 0.937008 0.779528
w_rpg_reference.BMP
  0 -14.939518 28.307738 3.743547 -0.697533 -0.672632 -0.247012 0.937008 0.779528
  0 -18.293370 30.967738 5.969008 -0.697533 -0.672632 -0.247012 0.976378 0.984252
  0 -16.885578 30.967738 1.989080 -0.697533 -0.672632 -0.247012 0.976378 0.826772
w_rpg_reference.BMP
  0 -14.939518 28.307738 3.743547 -0.318602 -0.672604 -0.667904 0.937008 0.779528
  0 -16.885578 30.967738 1.989080 -0.318602 -0.672604 -0.667904 0.976378 0.826772
  0 -12.935428 28.307738 2.788339 -0.318602 -0.672604 -0.667904 0.937008 0.661417
w_rpg_reference.BMP
  0 -12.935428 28.307738 2.788339 -0.318602 -0.672604 -0.667904 0.937008 0.661417
  0 -16.885578 30.967738 1.989080 -0.318602 -0.672604 -0.667904 0.976378 0.826772
  0 -13.075132 30.967738 0.175107 -0.318602 -0.672604 -0.667904 0.976378 0.606299
w_rpg_reference.BMP
  0 -12.935428 28.307738 2.788339 0.247012 -0.672632 -0.697533 0.937008 0.661417
  0 -13.075132 30.967738 0.175107 0.247012 -0.672632 -0.697533 0.976378 0.606299
  0 -10.858659 28.307738 3.533343 0.247012 -0.672632 -0.697533 0.937008 0.574803
w_rpg_reference.BMP
  0 -10.858659 28.307738 3.533343 0.247012 -0.672632 -0.697533 0.937008 0.574803
  0 -13.075132 30.967738 0.175107 0.247012 -0.672632 -0.697533 0.976378 0.606299
  0 -9.104192 30.967738 1.587283 0.247012 -0.672632 -0.697533 0.976378 0.448819
w_rpg_reference.BMP
  0 -10.858659 28.307738 3.533343 0.667904 -0.672604 -0.318602 0.937008 0.574803
  0 -9.104192 30.967738 1.587283 0.667904 -0.672604 -0.318602 0.976378 0.448819
  0 -9.907835 28.307738 5.528445 0.667904 -0.672604 -0.318602 0.937008 0.582677
w_rpg_reference.BMP
  0 -9.907835 28.307738 5.528445 0.667904 -0.672604 -0.318602 0.937008 0.582677
  0 -9.104192 30.967738 1.587283 0.667904 -0.672604 -0.318602 0.976378 0.448819
  0 -7.258651 30.967738 5.371206 0.667904 -0.672604 -0.318602 0.976378 0.448819
w_rpg_reference.BMP
  0 -9.907835 28.307738 5.528445 0.693961 -0.676762 0.245786 0.937008 0.582677
  0 -7.258651 30.967738 5.371206 0.693961 -0.676762 0.245786 0.976378 0.448819
  0 -10.639467 28.307738 7.609819 0.693961 -0.676762 0.245786 0.937008 0.661417
w_rpg_reference.BMP
  0 -10.639467 28.307738 7.609819 0.693961 -0.676762 0.245786 0.937008 0.661417
  0 -7.258651 30.967738 5.371206 0.693961 -0.676762 0.245786 0.976378 0.448819
  0 -8.697791 30.967738 9.355297 0.693961 -0.676762 0.245786 0.976378 0.614173
w_rpg_reference.BMP
  0 -10.639467 28.307738 7.609819 0.318602 -0.672604 0.667904 0.937008 0.661417
  0 -8.697791 30.967738 9.355297 0.318602 -0.672604 0.667904 0.976378 0.614173
  0 -12.634569 28.307738 8.560642 0.318602 -0.672604 0.667904 0.937008 0.779528
w_rpg_reference.BMP
  0 -12.634569 28.307738 8.560642 0.318602 -0.672604 0.667904 0.937008 0.779528
  0 -8.697791 30.967738 9.355297 0.318602 -0.672604 0.667904 0.976378 0.614173
  0 -12.503853 30.967738 11.178258 0.318602 -0.672604 0.667904 0.976378 0.834646
w_rpg_reference.BMP
  0 -12.503853 30.967738 11.178258 -0.324009 0.240307 0.915025 0.976378 0.834646
  0 -12.514137 32.137740 10.860620 -0.324009 0.240307 0.915025 0.992126 0.826772
  0 -16.474792 30.967738 9.766082 -0.324009 0.240307 0.915025 0.976378 0.992126
w_rpg_reference.BMP
  0 -16.474792 30.967738 9.766082 -0.324009 0.240307 0.915025 0.976378 0.992126
  0 -12.514137 32.137740 10.860620 -0.324009 0.240307 0.915025 0.992126 0.826772
  0 -16.266746 32.137740 9.531099 -0.324009 0.240307 0.915025 0.992126 0.976378
w_rpg_reference.BMP
  0 -16.474792 30.967738 9.766082 -0.876128 0.240308 0.417913 0.976378 0.992126
  0 -16.266746 32.137740 9.531099 -0.876128 0.240308 0.417913 0.992126 0.976378
  0 -18.293370 30.967738 5.969008 -0.876128 0.240308 0.417913 0.976378 0.984252
w_rpg_reference.BMP
  0 -18.293370 30.967738 5.969008 -0.876128 0.240308 0.417913 0.976378 0.984252
  0 -16.266746 32.137740 9.531099 -0.876128 0.240308 0.417913 0.992126 0.976378
  0 -17.980115 32.137740 5.949736 -0.876128 0.240308 0.417913 0.992126 0.968504
w_rpg_reference.BMP
  0 -18.293370 30.967738 5.969008 -0.915025 0.240307 -0.324009 0.976378 0.984252
  0 -17.980115 32.137740 5.949736 -0.915025 0.240307 -0.324009 0.992126 0.968504
  0 -16.885578 30.967738 1.989080 -0.915025 0.240307 -0.324009 0.976378 0.826772
w_rpg_reference.BMP
  0 -16.885578 30.967738 1.989080 -0.915025 0.240307 -0.324009 0.976378 0.826772
  0 -17.980115 32.137740 5.949736 -0.915025 0.240307 -0.324009 0.992126 0.968504
  0 -16.650595 32.137740 2.197126 -0.915025 0.240307 -0.324009 0.992126 0.818898
w_rpg_reference.BMP
  0 -16.885578 30.967738 1.989080 -0.417913 0.240308 -0.876128 0.976378 0.826772
  0 -16.650595 32.137740 2.197126 -0.417913 0.240308 -0.876128 0.992126 0.818898
  0 -13.075132 30.967738 0.175107 -0.417913 0.240308 -0.876128 0.976378 0.606299
w_rpg_reference.BMP
  0 -13.075132 30.967738 0.175107 -0.417913 0.240308 -0.876128 0.976378 0.606299
  0 -16.650595 32.137740 2.197126 -0.417913 0.240308 -0.876128 0.992126 0.818898
  0 -13.055859 32.137740 0.488362 -0.417913 0.240308 -0.876128 0.992126 0.614173
w_rpg_reference.BMP
  0 -13.075132 30.967738 0.175107 0.324009 0.240307 -0.915025 0.976378 0.606299
  0 -13.055859 32.137740 0.488362 0.324009 0.240307 -0.915025 0.992126 0.614173
  0 -9.104192 30.967738 1.587283 0.324009 0.240307 -0.915025 0.976378 0.448819
w_rpg_reference.BMP
  0 -9.104192 30.967738 1.587283 0.324009 0.240307 -0.915025 0.976378 0.448819
  0 -13.055859 32.137740 0.488362 0.324009 0.240307 -0.915025 0.992126 0.614173
  0 -9.316622 32.137740 1.813278 0.324009 0.240307 -0.915025 0.992126 0.464567
w_rpg_reference.BMP
  0 -9.104192 30.967738 1.587283 0.872045 0.241185 -0.425873 0.976378 0.448819
  0 -9.316622 32.137740 1.813278 0.872045 0.241185 -0.425873 0.992126 0.464567
  0 -7.258651 30.967738 5.371206 0.872045 0.241185 -0.425873 0.976378 0.448819
w_rpg_reference.BMP
  0 -7.258651 30.967738 5.371206 0.872045 0.241185 -0.425873 0.976378 0.448819
  0 -9.316622 32.137740 1.813278 0.872045 0.241185 -0.425873 0.992126 0.464567
  0 -7.576289 32.137740 5.381491 0.872045 0.241185 -0.425873 0.992126 0.464567
w_rpg_reference.BMP
  0 -7.258651 30.967738 5.371206 0.913081 0.239695 0.329893 0.976378 0.448819
  0 -7.576289 32.137740 5.381491 0.913081 0.239695 0.329893 0.992126 0.464567
  0 -8.697791 30.967738 9.355297 0.913081 0.239695 0.329893 0.976378 0.614173
w_rpg_reference.BMP
  0 -8.697791 30.967738 9.355297 0.913081 0.239695 0.329893 0.976378 0.614173
  0 -7.576289 32.137740 5.381491 0.913081 0.239695 0.329893 0.992126 0.464567
  0 -8.923786 32.137740 9.142867 0.913081 0.239695 0.329893 0.992126 0.614173
w_rpg_reference.BMP
  0 -8.697791 30.967738 9.355297 0.417913 0.240308 0.876128 0.976378 0.614173
  0 -8.923786 32.137740 9.142867 0.417913 0.240308 0.876128 0.992126 0.614173
  0 -12.503853 30.967738 11.178258 0.417913 0.240308 0.876128 0.976378 0.834646
w_rpg_reference.BMP
  0 -12.503853 30.967738 11.178258 0.417913 0.240308 0.876128 0.976378 0.834646
  0 -8.923786 32.137740 9.142867 0.417913 0.240308 0.876128 0.992126 0.614173
  0 -12.514137 32.137740 10.860620 0.417913 0.240308 0.876128 0.992126 0.826772
w_rpg_reference.BMP
  0 -15.680138 -11.422262 5.829304 -0.902592 0.000800 0.430496 0.346457 0.826772
  0 -15.680138 -26.622262 5.829304 -0.902592 0.000800 0.430496 0.118110 0.826772
  0 -14.724930 -11.422262 7.833394 -0.902592 0.000800 0.430496 0.346457 0.787402
w_rpg_reference.BMP
  0 -14.724930 -11.422262 7.833394 -0.902592 0.000800 0.430496 0.346457 0.787402
  0 -15.680138 -26.622262 5.829304 -0.902592 0.000800 0.430496 0.118110 0.826772
  0 -14.724930 -26.622262 7.833394 -0.902592 0.000800 0.430496 0.118110 0.787402
w_rpg_reference.BMP
  0 -15.680138 28.307738 5.829304 -0.902592 0.000800 0.430496 0.929134 0.826772
  0 -15.716090 19.257739 5.846839 -0.902592 0.000800 0.430496 0.795276 0.826772
  0 -14.724930 28.307738 7.833394 -0.902592 0.000800 0.430496 0.929134 0.787402
w_rpg_reference.BMP
  0 -14.724930 28.307738 7.833394 -0.902592 0.000800 0.430496 0.929134 0.787402
  0 -15.716090 19.257739 5.846839 -0.902592 0.000800 0.430496 0.795276 0.826772
  0 -14.751894 19.257739 7.846545 -0.902592 0.000800 0.430496 0.795276 0.795276
w_rpg_reference.BMP
  0 -14.751894 19.257739 7.846545 0.438392 0.000000 0.898784 0.803150 0.834646
  0 -16.351748 17.587739 8.626846 0.438392 0.000000 0.898784 0.779528 0.913386
  0 -14.724930 -11.422262 7.833394 0.438392 0.000000 0.898784 0.338583 0.834646
w_rpg_reference.BMP
  0 -14.724930 -11.422262 7.833394 0.438392 0.000000 0.898784 0.338583 0.834646
  0 -16.351748 17.587739 8.626846 0.438392 0.000000 0.898784 0.779528 0.913386
  0 -16.369724 -9.772262 8.635613 0.438392 0.000000 0.898784 0.362205 0.913386
w_rpg_reference.BMP
  0 -14.724930 -11.422262 7.833394 -0.605407 -0.741709 0.288704 0.338583 0.834646
  0 -16.369724 -9.772262 8.635613 -0.605407 -0.741709 0.288704 0.362205 0.913386
  0 -15.680138 -11.422262 5.829304 -0.605407 -0.741709 0.288704 0.338583 0.834646
w_rpg_reference.BMP
  0 -15.680138 -11.422262 5.829304 -0.605407 -0.741709 0.288704 0.338583 0.834646
  0 -16.369724 -9.772262 8.635613 -0.605407 -0.741709 0.288704 0.362205 0.913386
  0 -17.324931 -9.772262 6.631523 -0.605407 -0.741709 0.288704 0.362205 0.913386
w_rpg_reference.BMP
  0 -15.680138 -11.422262 5.829304 -0.438392 0.000000 -0.898784 0.338583 0.834646
  0 -17.324931 -9.772262 6.631523 -0.438392 0.000000 -0.898784 0.362205 0.913386
  0 -15.716090 19.257739 5.846839 -0.438392 0.000000 -0.898784 0.803150 0.834646
w_rpg_reference.BMP
  0 -15.716090 19.257739 5.846839 -0.438392 0.000000 -0.898784 0.803150 0.834646
  0 -17.324931 -9.772262 6.631523 -0.438392 0.000000 -0.898784 0.362205 0.913386
  0 -17.306955 17.587739 6.622755 -0.438392 0.000000 -0.898784 0.779528 0.913386
w_rpg_reference.BMP
  0 -15.716090 19.257739 5.846839 -0.619196 0.727595 0.295298 0.803150 0.834646
  0 -17.306955 17.587739 6.622755 -0.619196 0.727595 0.295298 0.779528 0.913386
  0 -14.751894 19.257739 7.846545 -0.619196 0.727595 0.295298 0.803150 0.834646
w_rpg_reference.BMP
  0 -14.751894 19.257739 7.846545 -0.619196 0.727595 0.295298 0.803150 0.834646
  0 -17.306955 17.587739 6.622755 -0.619196 0.727595 0.295298 0.779528 0.913386
  0 -16.351748 17.587739 8.626846 -0.619196 0.727595 0.295298 0.779528 0.913386
w_rpg_reference.BMP
  0 -17.913037 -28.422262 5.950397 0.000000 -1.000000 0.000000 0.685039 0.385827
  0 -17.210460 -28.402261 5.908130 0.000000 -1.000000 0.000000 0.692913 0.377953
  0 -16.221586 -28.422262 9.486821 0.000000 -1.000000 0.000000 0.732283 0.385827
w_rpg_reference.BMP
  0 -16.221586 -28.422262 9.486821 0.000000 -1.000000 0.000000 0.732283 0.385827
  0 -17.210460 -28.402261 5.908130 0.000000 -1.000000 0.000000 0.692913 0.377953
  0 -15.751346 -28.402261 8.968194 0.000000 -1.000000 0.000000 0.732283 0.377953
w_rpg_reference.BMP
  0 -13.060905 -28.422262 0.546453 0.000000 -1.000000 0.000000 0.653543 0.307087
  0 -13.014254 -28.402261 1.258017 0.000000 -1.000000 0.000000 0.661417 0.307087
  0 -16.606317 -28.422262 2.242286 0.000000 -1.000000 0.000000 0.653543 0.354331
w_rpg_reference.BMP
  0 -16.606317 -28.422262 2.242286 0.000000 -1.000000 0.000000 0.653543 0.354331
  0 -13.014254 -28.402261 1.258017 0.000000 -1.000000 0.000000 0.661417 0.307087
  0 -16.074317 -28.402261 2.717131 0.000000 -1.000000 0.000000 0.661417 0.346457
w_rpg_reference.BMP
  0 -7.629996 -28.422262 5.385433 0.000000 -1.000000 0.000000 0.732283 0.275591
  0 -8.332573 -28.402261 5.427700 0.000000 -1.000000 0.000000 0.732283 0.283465
  0 -9.357398 -28.422262 1.866544 0.000000 -1.000000 0.000000 0.685039 0.275591
w_rpg_reference.BMP
  0 -9.357398 -28.422262 1.866544 0.000000 -1.000000 0.000000 0.685039 0.275591
  0 -8.332573 -28.402261 5.427700 0.000000 -1.000000 0.000000 0.732283 0.283465
  0 -9.836626 -28.402261 2.389555 0.000000 -1.000000 0.000000 0.692913 0.283465
w_rpg_reference.BMP
  0 -12.522464 -28.422262 10.797925 0.000000 -1.000000 0.000000 0.763780 0.354331
  0 -12.555743 -28.402261 10.090965 0.000000 -1.000000 0.000000 0.755906 0.354331
  0 -8.977052 -28.422262 9.102091 0.000000 -1.000000 0.000000 0.763780 0.307087
w_rpg_reference.BMP
  0 -8.977052 -28.422262 9.102091 0.000000 -1.000000 0.000000 0.763780 0.307087
  0 -12.555743 -28.402261 10.090965 0.000000 -1.000000 0.000000 0.755906 0.354331
