version 1
nodes
  0 "Bip01" -1
  1 "Bip01 Pelvis" 0
  2 "Bip01 Spine" 1
  3 "Bip01 Spine1" 2
  4 "Bip01 Spine2" 3
  5 "Bip01 Spine3" 4
  6 "Bip01 Neck" 5
  7 "Bip01 R Clavicle" 6
  8 "Bip01 R UpperArm" 7
  9 "Bip01 R Forearm" 8
  10 "Bip01 R Hand" 9
  11 "rlauncher" 10
end
skeleton
  time 0
    0 0.233849 0.368164 39.526119 0.000000 0.000000 -1.570795
    1 1.523461 -0.421150 0.000000 -1.570795 -1.570451 0.000000
    2 1.292752 0.684474 -0.000001 -0.000004 -0.000002 -0.103870
    3 5.309481 -0.003677 0.001019 -0.268496 -0.032330 -0.117744
    4 4.826706 -0.004416 0.001224 -0.268759 -0.030015 -0.109331
    5 5.792309 -0.005239 0.000736 -0.139228 -0.009588 -0.069109
    6 6.662316 -0.001452 0.000000 0.000000 -0.000001 0.471000
    7 -2.869899 1.399664 -4.140396 -0.000013 1.370795 2.669783
    8 4.972047 -0.000001 -0.000001 1.036915 -0.589938 -1.749497
    9 11.585353 -0.000001 -0.000001 0.000000 0.000000 -1.837609
    10 10.127061 0.000001 -0.000001 1.949431 -0.006444 0.977757
    11 2.164582 1.638621 3.936291 0.024222 -0.055523 1.646130
end
triangles
w_rpg_reference.BMP
  11 -6.425113 0.721758 73.112351 0.000000 -0.835618 0.549311 0.007874 0.095238
  11 -7.015111 1.265309 73.917308 0.000000 -0.835618 0.549311 0.047244 0.095238
  11 -7.105113 0.721757 73.112353 0.000000 -0.835618 0.549311 0.007874 0.095238
w_rpg_reference.BMP
  11 -7.105113 0.721757 73.112353 0.000000 -0.835618 0.549311 0.007874 0.095238
  11 -7.015111 1.265309 73.917308 0.000000 -0.835618 0.549311 0.047244 0.095238
  11 -7.015107 2.763142 75.906427 0.000000 -0.601822 -0.798630 0.157480 0.095238
w_rpg_reference.BMP
  11 -7.015111 1.265309 73.917308 0.000000 -0.835618 0.549311 0.047244 0.095238
  11 -7.105113 0.721757 73.112353 0.000000 -0.835618 0.549311 0.007874 0.095238
  11 -7.015107 2.763142 75.906427 0.000000 -0.601822 -0.798630 0.157480 0.095238
w_rpg_reference.BMP
  11 -7.015107 2.763142 75.906427 0.000000 -0.601822 -0.798630 0.157480 0.095238
  11 -7.105113 0.721757 73.112353 0.000000 -0.835618 0.549311 0.007874 0.095238
  11 -7.105107 2.831188 75.930296 0.000000 -0.601822 -0.798630 0.157480 0.095238
w_rpg_reference.BMP
  11 -7.105113 0.721757 73.112353 0.000000 -0.835618 0.549311 0.007874 0.095238
  11 -7.015107 2.763142 75.906427 0.000000 -0.601822 -0.798630 0.157480 0.095238
  11 -7.105107 2.831188 75.930296 0.000000 -0.601822 -0.798630 0.157480 0.095238
w_rpg_reference.BMP
  11 -7.105107 2.831188 75.930296 0.000000 -0.601822 -0.798630 0.157480 0.095238
  11 -7.015107 2.763142 75.906427 0.000000 -0.601822 -0.798630 0.157480 0.095238
  11 -6.505107 2.763142 75.906425 -0.050901 -0.601013 -0.797617 0.157480 0.095238
w_rpg_reference.BMP
  11 -7.015107 2.763142 75.906427 0.000000 -0.601822 -0.798630 0.157480 0.095238
  11 -7.105107 2.831188 75.930296 0.000000 -0.601822 -0.798630 0.157480 0.095238
  11 -6.505107 2.763142 75.906425 -0.050901 -0.601013 -0.797617 0.157480 0.095238
w_rpg_reference.BMP
  11 -6.505107 2.763142 75.906425 -0.050901 -0.601013 -0.797617 0.157480 0.095238
  11 -7.105107 2.831188 75.930296 0.000000 -0.601822 -0.798630 0.157480 0.095238
  11 -6.425107 2.831188 75.930294 0.333314 -0.933642 -0.131206 0.157480 0.095238
w_rpg_reference.BMP
  11 -7.105107 2.831188 75.930296 0.000000 -0.601822 -0.798630 0.157480 0.095238
  11 -6.505107 2.763142 75.906425 -0.050901 -0.601013 -0.797617 0.157480 0.095238
  11 -6.425107 2.831188 75.930294 0.333314 -0.933642 -0.131206 0.157480 0.095238
w_rpg_reference.BMP
  11 -6.425107 2.831188 75.930294 0.333314 -0.933642 -0.131206 0.157480 0.095238
  11 -6.505107 2.763142 75.906425 -0.050901 -0.601013 -0.797617 0.157480 0.095238
  11 -6.505111 1.265309 73.917306 0.000000 -0.835618 0.549311 0.047244 0.095238
w_rpg_reference.BMP
  11 -6.505107 2.763142 75.906425 -0.050901 -0.601013 -0.797617 0.157480 0.095238
  11 -6.425107 2.831188 75.930294 0.333314 -0.933642 -0.131206 0.157480 0.095238
  11 -6.505111 1.265309 73.917306 0.000000 -0.835618 0.549311 0.047244 0.095238
w_rpg_reference.BMP
  11 -6.505111 1.265309 73.917306 0.000000 -0.835618 0.549311 0.047244 0.095238
  11 -6.425107 2.831188 75.930294 0.333314 -0.933642 -0.131206 0.157480 0.095238
  11 -6.425113 0.721758 73.112351 0.000000 -0.835618 0.549311 0.007874 0.095238
w_rpg_reference.BMP
  11 -6.425107 2.831188 75.930294 0.333314 -0.933642 -0.131206 0.157480 0.095238
  11 -6.505111 1.265309 73.917306 0.000000 -0.835618 0.549311 0.047244 0.095238
  11 -6.425113 0.721758 73.112351 0.000000 -0.835618 0.549311 0.007874 0.095238
w_rpg_reference.BMP
  11 -6.425113 0.721758 73.112351 0.000000 -0.835618 0.549311 0.007874 0.095238
  11 -6.505111 1.265309 73.917306 0.000000 -0.835618 0.549311 0.047244 0.095238
  11 -7.015111 1.265309 73.917308 0.000000 -0.835618 0.549311 0.047244 0.095238
w_rpg_reference.BMP
  11 -2.945073 -18.036474 81.316479 0.673396 0.450197 0.586397 0.165354 0.380952
  11 -2.515074 -18.475598 80.733322 0.981989 -0.113699 -0.150898 0.165354 0.317460
  11 -2.515082 -16.031138 78.892612 0.981989 0.113698 0.150898 0.015748 0.317460
w_rpg_reference.BMP
  11 -2.515082 -16.031138 78.892612 0.981989 0.113698 0.150898 0.015748 0.317460
  11 -2.515074 -18.475598 80.733322 0.981989 -0.113699 -0.150898 0.165354 0.317460
  11 -2.945083 -16.470262 78.309457 0.654693 -0.454896 -0.603694 0.015748 0.293651
w_rpg_reference.BMP
  11 -2.515074 -18.475598 80.733322 0.981989 -0.113699 -0.150898 0.165354 0.317460
  11 -2.945076 -18.914722 80.150168 0.327305 -0.568710 -0.754613 0.165354 0.293651
  11 -2.945083 -16.470262 78.309457 0.654693 -0.454896 -0.603694 0.015748 0.293651
w_rpg_reference.BMP
  11 -2.945083 -16.470262 78.309457 0.654693 -0.454896 -0.603694 0.015748 0.293651
  11 -2.945076 -18.914722 80.150168 0.327305 -0.568710 -0.754613 0.165354 0.293651
  11 -3.785083 -16.470263 78.309460 -0.327306 -0.568709 -0.754613 0.015748 0.341270
w_rpg_reference.BMP
  11 -2.945076 -18.914722 80.150168 0.327305 -0.568710 -0.754613 0.165354 0.293651
  11 -3.785076 -18.914723 80.150170 -0.654694 -0.454895 -0.603694 0.165354 0.341270
  11 -3.785083 -16.470263 78.309460 -0.327306 -0.568709 -0.754613 0.015748 0.341270
w_rpg_reference.BMP
  11 -3.785083 -16.470263 78.309460 -0.327306 -0.568709 -0.754613 0.015748 0.341270
  11 -3.785076 -18.914723 80.150170 -0.654694 -0.454895 -0.603694 0.165354 0.341270
  11 -4.215082 -16.031140 78.892616 -0.977345 -0.127406 -0.169008 0.015748 0.404762
w_rpg_reference.BMP
  11 -3.785076 -18.914723 80.150170 -0.654694 -0.454895 -0.603694 0.165354 0.341270
  11 -4.215074 -18.475599 80.733327 -0.981989 0.113699 0.150898 0.165354 0.404762
  11 -4.215082 -16.031140 78.892616 -0.977345 -0.127406 -0.169008 0.015748 0.404762
w_rpg_reference.BMP
  11 -4.215082 -16.031140 78.892616 -0.977345 -0.127406 -0.169008 0.015748 0.404762
  11 -4.215074 -18.475599 80.733327 -0.981989 0.113699 0.150898 0.165354 0.404762
  11 -3.785081 -15.592016 79.475771 -0.654693 0.454896 0.603694 0.015748 0.420635
w_rpg_reference.BMP
  11 -4.215074 -18.475599 80.733327 -0.981989 0.113699 0.150898 0.165354 0.404762
  11 -3.785073 -18.036475 81.316481 -0.327305 0.568710 0.754613 0.165354 0.420635
  11 -3.785081 -15.592016 79.475771 -0.654693 0.454896 0.603694 0.015748 0.420635
w_rpg_reference.BMP
  11 -3.785081 -15.592016 79.475771 -0.654693 0.454896 0.603694 0.015748 0.420635
  11 -3.785073 -18.036475 81.316481 -0.327305 0.568710 0.754613 0.165354 0.420635
  11 -2.945081 -15.592015 79.475768 0.327306 0.568709 0.754613 0.015748 0.380952
w_rpg_reference.BMP
  11 -3.785073 -18.036475 81.316481 -0.327305 0.568710 0.754613 0.165354 0.420635
  11 -2.945073 -18.036474 81.316479 0.673396 0.450197 0.586397 0.165354 0.380952
  11 -2.945081 -15.592015 79.475768 0.327306 0.568709 0.754613 0.015748 0.380952
w_rpg_reference.BMP
  11 -2.945081 -15.592015 79.475768 0.327306 0.568709 0.754613 0.015748 0.380952
  11 -2.945073 -18.036474 81.316479 0.673396 0.450197 0.586397 0.165354 0.380952
  11 -2.515082 -16.031138 78.892612 0.981989 0.113698 0.150898 0.015748 0.317460
w_rpg_reference.BMP
  11 -7.465147 10.606766 64.279302 -0.715328 0.420217 0.558322 0.795276 0.833333
  11 -8.415162 14.436832 60.155921 -0.970613 0.144802 0.192203 0.929134 0.753968
  11 -8.415081 -12.374316 80.357589 -0.868274 0.298291 0.396388 0.118110 0.753968
w_rpg_reference.BMP
  11 -8.415081 -12.374316 80.357589 -0.868274 0.298291 0.396388 0.118110 0.753968
  11 -8.415162 14.436832 60.155921 -0.970613 0.144802 0.192203 0.929134 0.753968
  11 -8.405083 -13.186394 79.279151 -0.965286 -0.157197 -0.208597 0.118110 0.642857
w_rpg_reference.BMP
  11 -8.415162 14.436832 60.155921 -0.970613 0.144802 0.192203 0.929134 0.753968
  11 -8.405165 13.618739 59.069495 -0.858400 -0.308700 -0.409700 0.929134 0.642857
  11 -8.405083 -13.186394 79.279151 -0.965286 -0.157197 -0.208597 0.118110 0.642857
w_rpg_reference.BMP
  11 -8.405083 -13.186394 79.279151 -0.965286 -0.157197 -0.208597 0.118110 0.642857
  11 -8.405165 13.618739 59.069495 -0.858400 -0.308700 -0.409700 0.929134 0.642857
  11 -7.435085 -13.751840 78.528236 -0.497905 -0.521905 -0.692608 0.118110 0.523810
w_rpg_reference.BMP
  11 -8.405165 13.618739 59.069495 -0.858400 -0.308700 -0.409700 0.929134 0.642857
  11 -7.435166 13.059308 58.326568 -0.244304 -0.583609 -0.774413 0.929134 0.523810
  11 -7.435085 -13.751840 78.528236 -0.497905 -0.521905 -0.692608 0.118110 0.523810
w_rpg_reference.BMP
  11 -7.435085 -13.751840 78.528236 -0.497905 -0.521905 -0.692608 0.118110 0.523810
  11 -7.435166 13.059308 58.326568 -0.244304 -0.583609 -0.774413 0.929134 0.523810
  11 -6.085085 -13.745824 78.536220 0.261205 -0.580912 -0.770917 0.118110 0.476190
w_rpg_reference.BMP
  11 -7.435166 13.059308 58.326568 -0.244304 -0.583609 -0.774413 0.929134 0.523810
  11 -6.085166 13.065324 58.334552 0.512976 -0.516576 -0.685569 0.929134 0.476190
  11 -6.085085 -13.745824 78.536220 0.261205 -0.580912 -0.770917 0.118110 0.476190
w_rpg_reference.BMP
  11 -6.085085 -13.745824 78.536220 0.261205 -0.580912 -0.770917 0.118110 0.476190
  11 -6.085166 13.065324 58.334552 0.512976 -0.516576 -0.685569 0.929134 0.476190
  11 -5.145083 -13.174360 79.295119 0.867251 -0.299618 -0.397624 0.118110 0.563492
w_rpg_reference.BMP
  11 -6.085166 13.065324 58.334552 0.512976 -0.516576 -0.685569 0.929134 0.476190
  11 -5.145165 13.636788 59.093451 0.969704 -0.147001 -0.195101 0.929134 0.563492
  11 -5.145083 -13.174360 79.295119 0.867251 -0.299618 -0.397624 0.118110 0.563492
w_rpg_reference.BMP
  11 -5.145083 -13.174360 79.295119 0.867251 -0.299618 -0.397624 0.118110 0.563492
  11 -5.145165 13.636788 59.093451 0.969704 -0.147001 -0.195101 0.929134 0.563492
  11 -5.155081 -12.356267 80.381545 0.965286 0.157197 0.208597 0.118110 0.674603
w_rpg_reference.BMP
  11 -5.145165 13.636788 59.093451 0.969704 -0.147001 -0.195101 0.929134 0.563492
  11 -5.155162 14.454881 60.179877 0.923571 0.230392 0.306490 0.929134 0.674603
  11 -5.155081 -12.356267 80.381545 0.965286 0.157197 0.208597 0.118110 0.674603
w_rpg_reference.BMP
  11 -6.775164 14.327400 59.412127 0.000500 0.798196 -0.602397 0.944882 0.722222
  11 -5.595164 17.677636 60.569674 -0.197397 0.384696 -0.901689 0.984252 0.984127
  11 -3.855167 16.655021 59.211636 -0.485108 0.554810 -0.675912 0.984252 0.833333
w_rpg_reference.BMP
  11 -6.775164 14.327400 59.412127 0.000500 0.798196 -0.602397 0.944882 0.722222
  11 -8.015164 17.665603 60.553704 0.205897 0.386794 -0.898886 0.984252 0.976190
  11 -5.595164 17.677636 60.569674 -0.197397 0.384696 -0.901689 0.984252 0.984127
w_rpg_reference.BMP
  11 -6.775164 14.327400 59.412127 0.000500 0.798196 -0.602397 0.944882 0.722222
  11 -9.725167 16.624938 59.171711 0.488594 0.559993 -0.669092 0.984252 0.825397
  11 -8.015164 17.665603 60.553704 0.205897 0.386794 -0.898886 0.984252 0.976190
w_rpg_reference.BMP
  11 -6.775164 14.327400 59.412127 0.000500 0.798196 -0.602397 0.944882 0.722222
  11 -9.695171 15.149195 57.228548 0.485086 0.802677 -0.346990 0.984252 0.619048
  11 -9.725167 16.624938 59.171711 0.488594 0.559993 -0.669092 0.984252 0.825397
w_rpg_reference.BMP
  11 -6.775164 14.327400 59.412127 0.000500 0.798196 -0.602397 0.944882 0.722222
  11 -7.965174 14.132595 55.878498 0.200108 0.972136 -0.122104 0.984252 0.468254
  11 -9.695171 15.149195 57.228548 0.485086 0.802677 -0.346990 0.984252 0.619048
w_rpg_reference.BMP
  11 -6.775164 14.327400 59.412127 0.000500 0.798196 -0.602397 0.944882 0.722222
  11 -5.545174 14.132597 55.878491 -0.204196 0.970683 -0.126798 0.984252 0.468254
  11 -7.965174 14.132595 55.878498 0.200108 0.972136 -0.122104 0.984252 0.468254
w_rpg_reference.BMP
  11 -6.775164 14.327400 59.412127 0.000500 0.798196 -0.602397 0.944882 0.722222
  11 -3.835171 15.179277 57.268473 -0.489323 0.796438 -0.355317 0.984252 0.619048
  11 -5.545174 14.132597 55.878491 -0.204196 0.970683 -0.126798 0.984252 0.468254
w_rpg_reference.BMP
  11 -6.775164 14.327400 59.412127 0.000500 0.798196 -0.602397 0.944882 0.722222
  11 -3.855167 16.655021 59.211636 -0.485108 0.554810 -0.675912 0.984252 0.833333
  11 -3.835171 15.179277 57.268473 -0.489323 0.796438 -0.355317 0.984252 0.619048
w_rpg_reference.BMP
  11 -6.775079 -13.642069 80.486026 0.000000 -0.798630 0.601822 0.708661 0.333333
  11 -4.295078 -13.004435 81.332793 0.000000 -0.798630 0.601822 0.755906 0.357143
  11 -5.765075 -12.132204 82.491119 0.000000 -0.798630 0.601822 0.732283 0.380952
w_rpg_reference.BMP
  11 -6.775079 -13.642069 80.486026 0.000000 -0.798630 0.601822 0.708661 0.333333
  11 -4.275081 -14.255637 79.671199 0.000000 -0.798630 0.601822 0.755906 0.317460
  11 -4.295078 -13.004435 81.332793 0.000000 -0.798630 0.601822 0.755906 0.357143
w_rpg_reference.BMP
  11 -6.775079 -13.642069 80.486026 0.000000 -0.798630 0.601822 0.708661 0.333333
  11 -5.715084 -15.151932 78.480927 0.000000 -0.798630 0.601822 0.732283 0.285714
  11 -4.275081 -14.255637 79.671199 0.000000 -0.798630 0.601822 0.755906 0.317460
w_rpg_reference.BMP
  11 -6.775079 -13.642069 80.486026 0.000000 -0.798630 0.601822 0.708661 0.333333
  11 -7.785084 -15.145919 78.488921 0.000000 -0.798630 0.601822 0.692913 0.285714
  11 -5.715084 -15.151932 78.480927 0.000000 -0.798630 0.601822 0.732283 0.285714
w_rpg_reference.BMP
  11 -6.775079 -13.642069 80.486026 0.000000 -0.798630 0.601822 0.708661 0.333333
  11 -9.265081 -14.279703 79.639260 0.000000 -0.798630 0.601822 0.661417 0.309524
  11 -7.785084 -15.145919 78.488921 0.000000 -0.798630 0.601822 0.692913 0.285714
w_rpg_reference.BMP
  11 -6.775079 -13.642069 80.486026 0.000000 -0.798630 0.601822 0.708661 0.333333
  11 -9.285078 -13.034517 81.292865 0.000000 -0.798630 0.601822 0.661417 0.349206
  11 -9.265081 -14.279703 79.639260 0.000000 -0.798630 0.601822 0.661417 0.309524
w_rpg_reference.BMP
  11 -6.775079 -13.642069 80.486026 0.000000 -0.798630 0.601822 0.708661 0.333333
  11 -7.835075 -12.144237 82.475149 0.000000 -0.798630 0.601822 0.692913 0.380952
  11 -9.285078 -13.034517 81.292865 0.000000 -0.798630 0.601822 0.661417 0.349206
w_rpg_reference.BMP
  11 -6.775079 -13.642069 80.486026 0.000000 -0.798630 0.601822 0.708661 0.333333
  11 -5.765075 -12.132204 82.491119 0.000000 -0.798630 0.601822 0.732283 0.380952
  11 -7.835075 -12.144237 82.475149 0.000000 -0.798630 0.601822 0.692913 0.380952
w_rpg_reference.BMP
  11 -3.365083 -15.647695 78.603875 0.000500 0.798196 -0.602397 0.000000 0.357143
  11 -2.945081 -15.592015 79.475768 0.244112 0.951446 -0.187509 0.015748 0.380952
  11 -2.515082 -16.031138 78.892612 0.488280 0.696972 -0.525179 0.015748 0.317460
w_rpg_reference.BMP
  11 -3.365083 -15.647695 78.603875 0.000500 0.798196 -0.602397 0.000000 0.357143
  11 -3.785081 -15.592016 79.475771 -0.244112 0.951446 -0.187509 0.015748 0.420635
  11 -2.945081 -15.592015 79.475768 0.244112 0.951446 -0.187509 0.015748 0.380952
w_rpg_reference.BMP
  11 -3.365083 -15.647695 78.603875 0.000500 0.798196 -0.602397 0.000000 0.357143
  11 -4.215082 -16.031140 78.892616 -0.488280 0.696972 -0.525179 0.015748 0.404762
  11 -3.785081 -15.592016 79.475771 -0.244112 0.951446 -0.187509 0.015748 0.420635
w_rpg_reference.BMP
  11 -3.365083 -15.647695 78.603875 0.000500 0.798196 -0.602397 0.000000 0.357143
  11 -3.785083 -16.470263 78.309460 -0.244101 0.442503 -0.862905 0.015748 0.341270
  11 -4.215082 -16.031140 78.892616 -0.488280 0.696972 -0.525179 0.015748 0.404762
w_rpg_reference.BMP
  11 -3.365083 -15.647695 78.603875 0.000500 0.798196 -0.602397 0.000000 0.357143
  11 -2.945083 -16.470262 78.309457 0.244102 0.442503 -0.862905 0.015748 0.293651
  11 -3.785083 -16.470263 78.309460 -0.244101 0.442503 -0.862905 0.015748 0.341270
w_rpg_reference.BMP
  11 -3.365083 -15.647695 78.603875 0.000500 0.798196 -0.602397 0.000000 0.357143
  11 -2.515082 -16.031138 78.892612 0.488280 0.696972 -0.525179 0.015748 0.317460
  11 -2.945083 -16.470262 78.309457 0.244102 0.442503 -0.862905 0.015748 0.293651
w_rpg_reference.BMP
  11 -6.745132 -0.373481 66.238448 0.000500 0.798196 -0.602397 0.732283 0.063492
  11 -6.745126 1.641676 68.914573 0.000500 0.798196 -0.602397 0.732283 0.349206
  11 -4.615132 -0.373479 66.238442 0.000500 0.798196 -0.602397 0.606299 0.063492
w_rpg_reference.BMP
  11 -4.615132 -0.373479 66.238442 0.000500 0.798196 -0.602397 0.606299 0.063492
  11 -6.745126 1.641676 68.914573 0.000500 0.798196 -0.602397 0.732283 0.349206
  11 -4.615126 1.641678 68.914567 0.000500 0.798196 -0.602397 0.606299 0.349206
w_rpg_reference.BMP
  11 -6.745126 1.641676 68.914573 0.000500 0.798196 -0.602397 0.732283 0.349206
  11 -6.545125 2.104861 69.529682 0.000500 0.798196 -0.602397 0.732283 0.428571
  11 -4.615126 1.641678 68.914567 0.000500 0.798196 -0.602397 0.606299 0.349206
w_rpg_reference.BMP
  11 -4.615126 1.641678 68.914567 0.000500 0.798196 -0.602397 0.606299 0.349206
  11 -6.545125 2.104861 69.529682 0.000500 0.798196 -0.602397 0.732283 0.428571
  11 -4.815125 2.104863 69.529677 0.000500 0.798196 -0.602397 0.606299 0.428571
w_rpg_reference.BMP
  11 -2.945073 -18.036474 81.316479 0.000000 -0.798630 0.601822 0.110236 0.119048
  11 -2.945076 -18.914722 80.150168 0.000000 -0.798630 0.601822 0.110236 0.023810
  11 -2.515074 -18.475598 80.733322 0.000000 -0.798630 0.601822 0.133858 0.071429
w_rpg_reference.BMP
  11 -2.945073 -18.036474 81.316479 0.000000 -0.798630 0.601822 0.110236 0.119048
  11 -3.785076 -18.914723 80.150170 0.000000 -0.798630 0.601822 0.062992 0.023810
  11 -2.945076 -18.914722 80.150168 0.000000 -0.798630 0.601822 0.110236 0.023810
w_rpg_reference.BMP
  11 -2.945073 -18.036474 81.316479 0.000000 -0.798630 0.601822 0.110236 0.119048
  11 -4.215074 -18.475599 80.733327 0.000000 -0.798630 0.601822 0.039370 0.071429
  11 -3.785076 -18.914723 80.150170 0.000000 -0.798630 0.601822 0.062992 0.023810
w_rpg_reference.BMP
  11 -2.945073 -18.036474 81.316479 0.000000 -0.798630 0.601822 0.110236 0.119048
  11 -3.785073 -18.036475 81.316481 0.000000 -0.798630 0.601822 0.062992 0.119048
  11 -4.215074 -18.475599 80.733327 0.000000 -0.798630 0.601822 0.039370 0.071429
w_rpg_reference.BMP
  11 -4.425086 -13.766419 78.226255 0.043502 0.670621 0.740524 0.125984 0.079365
  11 -5.305088 -12.586923 77.963986 0.880674 0.422787 0.213694 0.157480 0.079365
  11 -4.575085 -13.673830 78.532078 -0.148408 -0.370620 -0.916851 0.125984 0.103175
w_rpg_reference.BMP
  11 -4.575085 -13.673830 78.532078 -0.148408 -0.370620 -0.916851 0.125984 0.103175
  11 -5.305088 -12.586923 77.963986 0.880674 0.422787 0.213694 0.157480 0.079365
  11 -5.025087 -12.382399 78.235591 -0.782822 -0.563416 -0.264108 0.157480 0.103175
w_rpg_reference.BMP
  11 -5.305088 -12.586923 77.963986 0.880674 0.422787 0.213694 0.157480 0.079365
  11 -4.425086 -13.766419 78.226255 0.043502 0.670621 0.740524 0.125984 0.079365
  11 -5.025087 -12.382399 78.235591 -0.782822 -0.563416 -0.264108 0.157480 0.103175
w_rpg_reference.BMP
  11 -5.025087 -12.382399 78.235591 -0.782822 -0.563416 -0.264108 0.157480 0.103175
  11 -4.425086 -13.766419 78.226255 0.043502 0.670621 0.740524 0.125984 0.079365
  11 -4.575085 -13.673830 78.532078 -0.148408 -0.370620 -0.916851 0.125984 0.103175
w_rpg_reference.BMP
  11 -3.705086 -14.486725 78.067640 0.056601 -0.041801 -0.997521 0.086614 0.079365
  11 -4.425086 -13.766419 78.226255 0.043502 0.670621 0.740524 0.125984 0.079365
  11 -3.805085 -14.440094 78.395551 -0.281492 0.339291 0.897577 0.086614 0.103175
w_rpg_reference.BMP
  11 -3.805085 -14.440094 78.395551 -0.281492 0.339291 0.897577 0.086614 0.103175
  11 -4.425086 -13.766419 78.226255 0.043502 0.670621 0.740524 0.125984 0.079365
  11 -4.575085 -13.673830 78.532078 -0.148408 -0.370620 -0.916851 0.125984 0.103175
w_rpg_reference.BMP
  11 -4.425086 -13.766419 78.226255 0.043502 0.670621 0.740524 0.125984 0.079365
  11 -3.705086 -14.486725 78.067640 0.056601 -0.041801 -0.997521 0.086614 0.079365
  11 -4.575085 -13.673830 78.532078 -0.148408 -0.370620 -0.916851 0.125984 0.103175
w_rpg_reference.BMP
  11 -4.575085 -13.673830 78.532078 -0.148408 -0.370620 -0.916851 0.125984 0.103175
  11 -3.705086 -14.486725 78.067640 0.056601 -0.041801 -0.997521 0.086614 0.079365
  11 -3.805085 -14.440094 78.395551 -0.281492 0.339291 0.897577 0.086614 0.103175
w_rpg_reference.BMP
  11 -3.295085 -15.004481 78.194636 0.102806 -0.637038 0.763946 0.047244 0.079365
  11 -3.705086 -14.486725 78.067640 0.056601 -0.041801 -0.997521 0.086614 0.079365
  11 -3.365084 -14.873923 78.484385 0.102797 0.374590 -0.921474 0.047244 0.103175
w_rpg_reference.BMP
  11 -3.365084 -14.873923 78.484385 0.102797 0.374590 -0.921474 0.047244 0.103175
  11 -3.705086 -14.486725 78.067640 0.056601 -0.041801 -0.997521 0.086614 0.079365
  11 -3.805085 -14.440094 78.395551 -0.281492 0.339291 0.897577 0.086614 0.103175
w_rpg_reference.BMP
  11 -3.705086 -14.486725 78.067640 0.056601 -0.041801 -0.997521 0.086614 0.079365
  11 -3.295085 -15.004481 78.194636 0.102806 -0.637038 0.763946 0.047244 0.079365
  11 -3.805085 -14.440094 78.395551 -0.281492 0.339291 0.897577 0.086614 0.103175
w_rpg_reference.BMP
  11 -3.805085 -14.440094 78.395551 -0.281492 0.339291 0.897577 0.086614 0.103175
  11 -3.295085 -15.004481 78.194636 0.102806 -0.637038 0.763946 0.047244 0.079365
  11 -3.365084 -14.873923 78.484385 0.102797 0.374590 -0.921474 0.047244 0.103175
w_rpg_reference.BMP
  11 -3.145082 -16.021177 78.872594 -0.965286 -0.157197 -0.208597 0.000000 0.079365
  11 -3.295085 -15.004481 78.194636 0.102806 -0.637038 0.763946 0.047244 0.079365
  11 -3.415081 -15.840715 79.112248 0.974131 0.186306 0.127904 0.000000 0.103175
w_rpg_reference.BMP
  11 -3.415081 -15.840715 79.112248 0.974131 0.186306 0.127904 0.000000 0.103175
  11 -3.295085 -15.004481 78.194636 0.102806 -0.637038 0.763946 0.047244 0.079365
  11 -3.365084 -14.873923 78.484385 0.102797 0.374590 -0.921474 0.047244 0.103175
w_rpg_reference.BMP
  11 -3.295085 -15.004481 78.194636 0.102806 -0.637038 0.763946 0.047244 0.079365
  11 -3.145082 -16.021177 78.872594 -0.965286 -0.157197 -0.208597 0.000000 0.079365
  11 -3.365084 -14.873923 78.484385 0.102797 0.374590 -0.921474 0.047244 0.103175
w_rpg_reference.BMP
  11 -3.365084 -14.873923 78.484385 0.102797 0.374590 -0.921474 0.047244 0.103175
  11 -3.145082 -16.021177 78.872594 -0.965286 -0.157197 -0.208597 0.000000 0.079365
  11 -3.415081 -15.840715 79.112248 0.974131 0.186306 0.127904 0.000000 0.103175
w_rpg_reference.BMP
  11 -6.115102 -2.889013 75.831308 -0.008700 0.602486 0.798082 0.362205 0.920635
  11 -6.115143 10.447624 65.763608 -0.008700 0.602486 0.798082 0.779528 0.920635
  11 -7.465102 -2.895029 75.823324 -0.008700 0.602486 0.798082 0.377953 1.000000
w_rpg_reference.BMP
  11 -7.465102 -2.895029 75.823324 -0.008700 0.602486 0.798082 0.377953 1.000000
  11 -6.115143 10.447624 65.763608 -0.008700 0.602486 0.798082 0.779528 0.920635
  11 -7.465143 10.441608 65.755623 -0.008700 0.602486 0.798082 0.779528 1.000000
w_rpg_reference.BMP
  11 -6.115079 -11.784805 81.140449 0.459992 0.884285 -0.080298 0.118110 0.793651
  11 -5.605074 -11.899577 82.816672 0.459992 0.884285 -0.080298 0.000000 0.801587
  11 -5.155081 -12.356267 80.381545 0.459992 0.884285 -0.080298 0.118110 0.674603
w_rpg_reference.BMP
  11 -5.155081 -12.356267 80.381545 0.459992 0.884285 -0.080298 0.118110 0.674603
  11 -5.605074 -11.899577 82.816672 0.459992 0.884285 -0.080298 0.000000 0.801587
  11 -3.895077 -12.916177 81.466622 0.459992 0.884285 -0.080298 0.000000 0.674603
w_rpg_reference.BMP
  11 -7.465079 -11.790822 81.132464 -0.005700 0.997538 0.069903 0.118110 0.833333
  11 -8.005074 -11.911610 82.800702 -0.005700 0.997538 0.069903 0.000000 0.833333
  11 -6.115079 -11.784805 81.140449 -0.005700 0.997538 0.069903 0.118110 0.793651
w_rpg_reference.BMP
  11 -6.115079 -11.784805 81.140449 -0.005700 0.997538 0.069903 0.118110 0.793651
  11 -8.005074 -11.911610 82.800702 -0.005700 0.997538 0.069903 0.000000 0.833333
  11 -5.605074 -11.899577 82.816672 -0.005700 0.997538 0.069903 0.000000 0.801587
w_rpg_reference.BMP
  11 -8.415081 -12.374316 80.357589 -0.468101 0.879402 -0.086800 0.118110 0.753968
  11 -9.685077 -12.946259 81.426696 -0.468101 0.879402 -0.086800 0.000000 0.753968
  11 -7.465079 -11.790822 81.132464 -0.468101 0.879402 -0.086800 0.118110 0.833333
w_rpg_reference.BMP
  11 -7.465079 -11.790822 81.132464 -0.468101 0.879402 -0.086800 0.118110 0.833333
  11 -9.685077 -12.946259 81.426696 -0.468101 0.879402 -0.086800 0.000000 0.753968
  11 -8.005074 -11.911610 82.800702 -0.468101 0.879402 -0.086800 0.000000 0.833333
w_rpg_reference.BMP
  11 -8.405083 -13.186394 79.279151 -0.656311 0.599111 -0.458608 0.118110 0.642857
  11 -9.665082 -14.389954 79.509473 -0.656311 0.599111 -0.458608 0.000000 0.642857
  11 -8.415081 -12.374316 80.357589 -0.656311 0.599111 -0.458608 0.118110 0.753968
w_rpg_reference.BMP
  11 -8.415081 -12.374316 80.357589 -0.656311 0.599111 -0.458608 0.118110 0.753968
  11 -9.665082 -14.389954 79.509473 -0.656311 0.599111 -0.458608 0.000000 0.642857
  11 -9.685077 -12.946259 81.426696 -0.656311 0.599111 -0.458608 0.000000 0.753968
w_rpg_reference.BMP
  11 -7.435085 -13.751840 78.528236 -0.460109 0.320707 -0.827917 0.118110 0.523810
  11 -7.945084 -15.394523 78.175400 -0.460109 0.320707 -0.827917 0.000000 0.515873
  11 -8.405083 -13.186394 79.279151 -0.460109 0.320707 -0.827917 0.118110 0.642857
w_rpg_reference.BMP
  11 -8.405083 -13.186394 79.279151 -0.460109 0.320707 -0.827917 0.118110 0.642857
  11 -7.945084 -15.394523 78.175400 -0.460109 0.320707 -0.827917 0.000000 0.515873
  11 -9.665082 -14.389954 79.509473 -0.460109 0.320707 -0.827917 0.000000 0.642857
w_rpg_reference.BMP
  11 -6.085085 -13.745824 78.536220 0.005700 0.217605 -0.976020 0.118110 0.476190
  11 -5.555084 -15.400537 78.167405 0.005700 0.217605 -0.976020 0.000000 0.476190
  11 -7.435085 -13.751840 78.528236 0.005700 0.217605 -0.976020 0.118110 0.523810
w_rpg_reference.BMP
  11 -7.435085 -13.751840 78.528236 0.005700 0.217605 -0.976020 0.118110 0.523810
  11 -5.555084 -15.400537 78.167405 0.005700 0.217605 -0.976020 0.000000 0.476190
  11 -7.945084 -15.394523 78.175400 0.005700 0.217605 -0.976020 0.000000 0.515873
w_rpg_reference.BMP
  11 -5.145083 -13.174360 79.295119 0.468179 0.325586 -0.821463 0.118110 0.563492
  11 -3.875081 -14.359872 79.549399 0.468179 0.325586 -0.821463 0.000000 0.563492
  11 -6.085085 -13.745824 78.536220 0.468179 0.325586 -0.821463 0.118110 0.476190
w_rpg_reference.BMP
  11 -6.085085 -13.745824 78.536220 0.468179 0.325586 -0.821463 0.118110 0.476190
  11 -3.875081 -14.359872 79.549399 0.468179 0.325586 -0.821463 0.000000 0.563492
  11 -5.555084 -15.400537 78.167405 0.468179 0.325586 -0.821463 0.000000 0.476190
w_rpg_reference.BMP
  11 -5.155081 -12.356267 80.381545 0.656295 0.605995 -0.449496 0.118110 0.674603
  11 -3.895077 -12.916177 81.466622 0.656295 0.605995 -0.449496 0.000000 0.674603
  11 -5.145083 -13.174360 79.295119 0.656295 0.605995 -0.449496 0.118110 0.563492
w_rpg_reference.BMP
  11 -5.145083 -13.174360 79.295119 0.656295 0.605995 -0.449496 0.118110 0.563492
  11 -3.895077 -12.916177 81.466622 0.656295 0.605995 -0.449496 0.000000 0.674603
  11 -3.875081 -14.359872 79.549399 0.656295 0.605995 -0.449496 0.000000 0.563492
w_rpg_reference.BMP
  11 -5.155162 14.454881 60.179877 0.518688 -0.219595 0.826281 0.937008 0.785714
  11 -3.685165 16.121962 59.700662 0.518688 -0.219595 0.826281 0.976378 0.841270
  11 -6.115161 15.026343 60.938781 0.518688 -0.219595 0.826281 0.937008 0.865079
w_rpg_reference.BMP
  11 -6.115161 15.026343 60.938781 0.518688 -0.219595 0.826281 0.937008 0.865079
  11 -3.685165 16.121962 59.700662 0.518688 -0.219595 0.826281 0.976378 0.841270
  11 -5.525162 17.210747 61.146574 0.518688 -0.219595 0.826281 0.976378 1.000000
w_rpg_reference.BMP
  11 -6.115161 15.026343 60.938781 -0.006500 -0.091895 0.995747 0.937008 0.865079
  11 -5.525162 17.210747 61.146574 -0.006500 -0.091895 0.995747 0.976378 1.000000
  11 -7.465161 15.014311 60.922808 -0.006500 -0.091895 0.995747 0.937008 0.865079
w_rpg_reference.BMP
  11 -7.465161 15.014311 60.922808 -0.006500 -0.091895 0.995747 0.937008 0.865079
  11 -5.525162 17.210747 61.146574 -0.006500 -0.091895 0.995747 0.976378 1.000000
  11 -8.085162 17.198714 61.130604 -0.006500 -0.091895 0.995747 0.976378 0.992063
w_rpg_reference.BMP
  11 -7.465161 15.014311 60.922808 -0.527811 -0.225005 0.819017 0.937008 0.865079
  11 -8.085162 17.198714 61.130604 -0.527811 -0.225005 0.819017 0.976378 0.992063
  11 -8.415162 14.436832 60.155921 -0.527811 -0.225005 0.819017 0.937008 0.785714
w_rpg_reference.BMP
  11 -8.415162 14.436832 60.155921 -0.527811 -0.225005 0.819017 0.937008 0.785714
  11 -8.085162 17.198714 61.130604 -0.527811 -0.225005 0.819017 0.976378 0.992063
  11 -9.895165 16.091880 59.660738 -0.527811 -0.225005 0.819017 0.976378 0.833333
w_rpg_reference.BMP
  11 -8.415162 14.436832 60.155921 -0.739974 -0.541081 0.399586 0.937008 0.785714
  11 -9.895165 16.091880 59.660738 -0.739974 -0.541081 0.399586 0.976378 0.833333
  11 -8.405165 13.618739 59.069495 -0.739974 -0.541081 0.399586 0.937008 0.666667
w_rpg_reference.BMP
  11 -8.405165 13.618739 59.069495 -0.739974 -0.541081 0.399586 0.937008 0.666667
  11 -9.895165 16.091880 59.660738 -0.739974 -0.541081 0.399586 0.976378 0.833333
  11 -9.875170 14.539908 57.599723 -0.739974 -0.541081 0.399586 0.976378 0.611111
w_rpg_reference.BMP
  11 -8.405165 13.618739 59.069495 -0.518697 -0.854795 -0.016700 0.937008 0.666667
  11 -9.875170 14.539908 57.599723 -0.518697 -0.854795 -0.016700 0.976378 0.611111
  11 -7.435166 13.059308 58.326568 -0.518697 -0.854795 -0.016700 0.937008 0.579365
w_rpg_reference.BMP
  11 -7.435166 13.059308 58.326568 -0.518697 -0.854795 -0.016700 0.937008 0.579365
  11 -9.875170 14.539908 57.599723 -0.518697 -0.854795 -0.016700 0.976378 0.611111
  11 -8.035173 13.457138 56.161800 -0.518697 -0.854795 -0.016700 0.976378 0.452381
w_rpg_reference.BMP
  11 -7.435166 13.059308 58.326568 0.006500 -0.982491 -0.186198 0.937008 0.579365
  11 -8.035173 13.457138 56.161800 0.006500 -0.982491 -0.186198 0.976378 0.452381
  11 -6.085166 13.065324 58.334552 0.006500 -0.982491 -0.186198 0.937008 0.587302
w_rpg_reference.BMP
  11 -6.085166 13.065324 58.334552 0.006500 -0.982491 -0.186198 0.937008 0.587302
  11 -8.035173 13.457138 56.161800 0.006500 -0.982491 -0.186198 0.976378 0.452381
  11 -5.465173 13.457141 56.161793 0.006500 -0.982491 -0.186198 0.976378 0.452381
w_rpg_reference.BMP
  11 -6.085166 13.065324 58.334552 0.525112 -0.851020 -0.004800 0.937008 0.587302
  11 -5.465173 13.457141 56.161793 0.525112 -0.851020 -0.004800 0.976378 0.452381
  11 -5.145165 13.636788 59.093451 0.525112 -0.851020 -0.004800 0.937008 0.666667
w_rpg_reference.BMP
  11 -5.145165 13.636788 59.093451 0.525112 -0.851020 -0.004800 0.937008 0.666667
  11 -5.465173 13.457141 56.161793 0.525112 -0.851020 -0.004800 0.976378 0.452381
  11 -3.665170 14.569990 57.639647 0.525112 -0.851020 -0.004800 0.976378 0.619048
w_rpg_reference.BMP
  11 -5.145165 13.636788 59.093451 0.739959 -0.533271 0.409978 0.937008 0.666667
  11 -3.665170 14.569990 57.639647 0.739959 -0.533271 0.409978 0.976378 0.619048
  11 -5.155162 14.454881 60.179877 0.739959 -0.533271 0.409978 0.937008 0.785714
w_rpg_reference.BMP
  11 -5.155162 14.454881 60.179877 0.739959 -0.533271 0.409978 0.937008 0.785714
  11 -3.665170 14.569990 57.639647 0.739959 -0.533271 0.409978 0.976378 0.619048
  11 -3.685165 16.121962 59.700662 0.739959 -0.533271 0.409978 0.976378 0.841270
w_rpg_reference.BMP
  11 -3.685165 16.121962 59.700662 0.680384 0.608586 0.408291 0.976378 0.841270
  11 -3.855167 16.655021 59.211636 0.680384 0.608586 0.408291 0.992126 0.833333
  11 -5.525162 17.210747 61.146574 0.680384 0.608586 0.408291 0.976378 1.000000
w_rpg_reference.BMP
  11 -5.525162 17.210747 61.146574 0.680384 0.608586 0.408291 0.976378 1.000000
  11 -3.855167 16.655021 59.211636 0.680384 0.608586 0.408291 0.992126 0.833333
  11 -5.595164 17.677636 60.569674 0.680384 0.608586 0.408291 0.992126 0.984127
w_rpg_reference.BMP
  11 -5.525162 17.210747 61.146574 -0.008500 0.776077 0.630581 0.976378 1.000000
  11 -5.595164 17.677636 60.569674 -0.008500 0.776077 0.630581 0.992126 0.984127
  11 -8.085162 17.198714 61.130604 -0.008500 0.776077 0.630581 0.976378 0.992063
w_rpg_reference.BMP
  11 -8.085162 17.198714 61.130604 -0.008500 0.776077 0.630581 0.976378 0.992063
  11 -5.595164 17.677636 60.569674 -0.008500 0.776077 0.630581 0.992126 0.984127
  11 -8.015164 17.665603 60.553704 -0.008500 0.776077 0.630581 0.992126 0.976190
w_rpg_reference.BMP
  11 -8.085162 17.198714 61.130604 -0.692351 0.601358 0.398772 0.976378 0.992063
  11 -8.015164 17.665603 60.553704 -0.692351 0.601358 0.398772 0.992126 0.976190
  11 -9.895165 16.091880 59.660738 -0.692351 0.601358 0.398772 0.976378 0.833333
w_rpg_reference.BMP
  11 -9.895165 16.091880 59.660738 -0.692351 0.601358 0.398772 0.976378 0.833333
  11 -8.015164 17.665603 60.553704 -0.692351 0.601358 0.398772 0.992126 0.976190
  11 -9.725167 16.624938 59.171711 -0.692351 0.601358 0.398772 0.992126 0.825397
w_rpg_reference.BMP
  11 -9.895165 16.091880 59.660738 -0.970664 0.186793 -0.151394 0.976378 0.833333
  11 -9.725167 16.624938 59.171711 -0.970664 0.186793 -0.151394 0.992126 0.825397
  11 -9.875170 14.539908 57.599723 -0.970664 0.186793 -0.151394 0.976378 0.611111
w_rpg_reference.BMP
  11 -9.875170 14.539908 57.599723 -0.970664 0.186793 -0.151394 0.976378 0.611111
  11 -9.725167 16.624938 59.171711 -0.970664 0.186793 -0.151394 0.992126 0.825397
  11 -9.695171 15.149195 57.228548 -0.970664 0.186793 -0.151394 0.992126 0.619048
w_rpg_reference.BMP
  11 -9.875170 14.539908 57.599723 -0.680357 -0.224786 -0.697557 0.976378 0.611111
  11 -9.695171 15.149195 57.228548 -0.680357 -0.224786 -0.697557 0.992126 0.619048
  11 -8.035173 13.457138 56.161800 -0.680357 -0.224786 -0.697557 0.976378 0.452381
w_rpg_reference.BMP
  11 -8.035173 13.457138 56.161800 -0.680357 -0.224786 -0.697557 0.976378 0.452381
  11 -9.695171 15.149195 57.228548 -0.680357 -0.224786 -0.697557 0.992126 0.619048
  11 -7.965174 14.132595 55.878498 -0.680357 -0.224786 -0.697557 0.992126 0.468254
w_rpg_reference.BMP
  11 -8.035173 13.457138 56.161800 -0.000500 -0.391492 -0.920181 0.976378 0.452381
  11 -7.965174 14.132595 55.878498 -0.000500 -0.391492 -0.920181 0.992126 0.468254
  11 -5.465173 13.457141 56.161793 -0.000500 -0.391492 -0.920181 0.976378 0.452381
w_rpg_reference.BMP
  11 -5.465173 13.457141 56.161793 -0.000500 -0.391492 -0.920181 0.976378 0.452381
  11 -7.965174 14.132595 55.878498 -0.000500 -0.391492 -0.920181 0.992126 0.468254
  11 -5.545174 14.132597 55.878491 -0.000500 -0.391492 -0.920181 0.992126 0.468254
w_rpg_reference.BMP
  11 -5.465173 13.457141 56.161793 0.696828 -0.215409 -0.684127 0.976378 0.452381
  11 -5.545174 14.132597 55.878491 0.696828 -0.215409 -0.684127 0.992126 0.468254
  11 -3.665170 14.569990 57.639647 0.696828 -0.215409 -0.684127 0.976378 0.619048
w_rpg_reference.BMP
  11 -3.665170 14.569990 57.639647 0.696828 -0.215409 -0.684127 0.976378 0.619048
  11 -5.545174 14.132597 55.878491 0.696828 -0.215409 -0.684127 0.992126 0.468254
  11 -3.835171 15.179277 57.268473 0.696828 -0.215409 -0.684127 0.992126 0.619048
w_rpg_reference.BMP
  11 -3.665170 14.569990 57.639647 0.970673 0.196994 -0.137796 0.976378 0.619048
  11 -3.835171 15.179277 57.268473 0.970673 0.196994 -0.137796 0.992126 0.619048
  11 -3.685165 16.121962 59.700662 0.970673 0.196994 -0.137796 0.976378 0.841270
w_rpg_reference.BMP
  11 -3.685165 16.121962 59.700662 0.970673 0.196994 -0.137796 0.976378 0.841270
  11 -3.835171 15.179277 57.268473 0.970673 0.196994 -0.137796 0.992126 0.619048
  11 -3.855167 16.655021 59.211636 0.970673 0.196994 -0.137796 0.992126 0.833333
w_rpg_reference.BMP
  11 -7.465102 -4.375585 75.536174 -0.008700 0.602486 0.798082 0.346457 0.833333
  11 -7.465079 -11.790822 81.132464 -0.008700 0.602486 0.798082 0.118110 0.833333
  11 -6.115102 -4.369568 75.544159 -0.008700 0.602486 0.798082 0.346457 0.793651
w_rpg_reference.BMP
  11 -6.115102 -4.369568 75.544159 -0.008700 0.602486 0.798082 0.346457 0.793651
  11 -7.465079 -11.790822 81.132464 -0.008700 0.602486 0.798082 0.118110 0.833333
  11 -6.115079 -11.784805 81.140449 -0.008700 0.602486 0.798082 0.118110 0.793651
w_rpg_reference.BMP
  11 -7.465161 15.014311 60.922808 -0.008700 0.602486 0.798082 0.929134 0.833333
  11 -7.465147 10.606766 64.279302 -0.008700 0.602486 0.798082 0.795276 0.833333
  11 -6.115161 15.026343 60.938781 -0.008700 0.602486 0.798082 0.929134 0.793651
w_rpg_reference.BMP
  11 -6.115161 15.026343 60.938781 -0.008700 0.602486 0.798082 0.929134 0.793651
  11 -7.465147 10.606766 64.279302 -0.008700 0.602486 0.798082 0.795276 0.833333
  11 -6.115147 10.612782 64.287287 -0.008700 0.602486 0.798082 0.795276 0.801587
w_rpg_reference.BMP
  11 -6.115147 10.612782 64.287287 1.000000 0.000000 0.000000 0.803150 0.841270
  11 -6.115143 10.447624 65.763608 1.000000 0.000000 0.000000 0.779528 0.920635
  11 -6.115102 -4.369568 75.544159 1.000000 0.000000 0.000000 0.338583 0.841270
w_rpg_reference.BMP
  11 -6.115102 -4.369568 75.544159 1.000000 0.000000 0.000000 0.338583 0.841270
  11 -6.115143 10.447624 65.763608 1.000000 0.000000 0.000000 0.779528 0.920635
  11 -6.115102 -2.889013 75.831308 1.000000 0.000000 0.000000 0.362205 0.920635
w_rpg_reference.BMP
  11 -6.115102 -4.369568 75.544159 -0.005900 -0.188800 0.981998 0.338583 0.841270
  11 -6.115102 -2.889013 75.831308 -0.005900 -0.188800 0.981998 0.362205 0.920635
  11 -7.465102 -4.375585 75.536174 -0.005900 -0.188800 0.981998 0.338583 0.841270
w_rpg_reference.BMP
  11 -7.465102 -4.375585 75.536174 -0.005900 -0.188800 0.981998 0.338583 0.841270
  11 -6.115102 -2.889013 75.831308 -0.005900 -0.188800 0.981998 0.362205 0.920635
  11 -7.465102 -2.895029 75.823324 -0.005900 -0.188800 0.981998 0.362205 0.920635
w_rpg_reference.BMP
  11 -7.465102 -4.375585 75.536174 -1.000000 0.000000 0.000000 0.338583 0.841270
  11 -7.465102 -2.895029 75.823324 -1.000000 0.000000 0.000000 0.362205 0.920635
  11 -7.465147 10.606766 64.279302 -1.000000 0.000000 0.000000 0.803150 0.841270
w_rpg_reference.BMP
  11 -7.465147 10.606766 64.279302 -1.000000 0.000000 0.000000 0.803150 0.841270
  11 -7.465102 -2.895029 75.823324 -1.000000 0.000000 0.000000 0.362205 0.920635
  11 -7.465143 10.441608 65.755623 -1.000000 0.000000 0.000000 0.779528 0.920635
w_rpg_reference.BMP
  11 -7.465147 10.606766 64.279302 -0.006000 0.993924 0.109903 0.803150 0.841270
  11 -7.465143 10.441608 65.755623 -0.006000 0.993924 0.109903 0.779528 0.920635
  11 -6.115147 10.612782 64.287287 -0.006000 0.993924 0.109903 0.803150 0.841270
w_rpg_reference.BMP
  11 -6.115147 10.612782 64.287287 -0.006000 0.993924 0.109903 0.803150 0.841270
  11 -7.465143 10.441608 65.755623 -0.006000 0.993924 0.109903 0.779528 0.920635
  11 -6.115143 10.447624 65.763608 -0.006000 0.993924 0.109903 0.779528 0.920635
w_rpg_reference.BMP
  11 -8.005074 -11.911610 82.800702 0.000000 -0.798630 0.601822 0.685039 0.388889
  11 -7.835075 -12.144237 82.475149 0.000000 -0.798630 0.601822 0.692913 0.380952
  11 -5.605074 -11.899577 82.816672 0.000000 -0.798630 0.601822 0.732283 0.388889
w_rpg_reference.BMP
  11 -5.605074 -11.899577 82.816672 0.000000 -0.798630 0.601822 0.732283 0.388889
