// Created by Crowbar 0.72
version 1
nodes
  0 "Bone12" -1
  1 "Bone13" 0
  2 "Bone14" 1
  3 "Bone02" 0
  4 "Bone03" 3
  5 "Bone04" 4
  6 "Bone07" 0
  7 "Bone08" 6
  8 "Bone09" 7
end
skeleton
  time 0
    0 0.000000 -4.000000 0.000000 3.141592 0.000000 0.000000
    1 0.000000 -6.297536 0.000000 0.000000 0.000000 0.000000
    2 0.000000 -6.796094 0.000000 0.000000 0.000000 0.000000
    3 -4.000000 12.000000 0.000000 0.000000 0.000000 0.000000
    4 -6.000000 0.000000 0.000000 0.000000 0.000000 0.000000
    5 -8.000000 0.000000 0.000000 0.000000 0.000000 0.000000
    6 4.000000 12.000000 0.000000 0.000000 0.000000 0.000000
    7 6.000000 0.000000 0.000000 0.000000 0.000000 0.000000
    8 8.000000 -0.000001 0.000000 0.000000 0.000000 0.000000
end
triangles
flockface
  0 -0.011500 -16.078699 0.851900 -0.010500 -0.748806 -0.662706 0.502000 0.929600 1 0 1.000000
  0 -5.772100 -2.364800 -2.367100 -0.032900 -0.064100 -0.997401 0.002000 0.565000 1 0 1.000000
  0 5.749200 -2.364800 -2.367100 0.024699 0.032099 -0.999179 1.002000 0.565000 1 0 1.000000
flockface
  0 5.749200 -2.364800 -2.367100 0.024699 0.032099 -0.999179 1.002000 0.565000 1 0 1.000000
  0 -5.772100 -2.364800 -2.367100 -0.032900 -0.064100 -0.997401 0.002000 0.565000 1 0 1.000000
  0 -1.601100 2.134200 -0.909000 -0.930861 0.300187 -0.208291 0.364000 0.445400 1 0 1.000000
flockface
  0 -1.601100 2.134200 -0.909000 -0.930861 0.300187 -0.208291 0.364000 0.445400 1 0 1.000000
  0 1.474300 2.134200 -0.909000 0.642415 0.233505 -0.729917 0.631000 0.445400 1 0 1.000000
  0 5.749200 -2.364800 -2.367100 0.024699 0.032099 -0.999179 1.002000 0.565000 1 0 1.000000
flockface
  0 1.474300 2.134200 -0.909000 0.642415 0.233505 -0.729917 0.631000 0.445400 1 0 1.000000
  0 -1.601100 2.134200 -0.909000 -0.930861 0.300187 -0.208291 0.364000 0.445400 1 0 1.000000
  1 -1.022300 8.735900 0.070600 -0.643872 0.159293 -0.748368 0.414300 0.269900 1 1 1.000000
flockface
  1 -1.022300 8.735900 0.070600 -0.643872 0.159293 -0.748368 0.414300 0.269900 1 1 1.000000
  1 0.895500 8.735900 0.070600 0.967655 0.107106 -0.228413 0.580700 0.269900 1 1 1.000000
  0 1.474300 2.134200 -0.909000 0.642415 0.233505 -0.729917 0.631000 0.445400 1 0 1.000000
flockface
  1 0.895500 8.735900 0.070600 0.967655 0.107106 -0.228413 0.580700 0.269900 1 1 1.000000
  1 -1.022300 8.735900 0.070600 -0.643872 0.159293 -0.748368 0.414300 0.269900 1 1 1.000000
  2 -0.011500 18.512600 0.863100 0.002900 0.891261 -0.453480 0.502000 0.009900 1 2 1.000000
flockeyes
  0 -0.011500 -16.078699 0.851900 -0.010500 -0.748806 -0.662706 1.000000 0.803600 1 0 1.000000
  6 8.705000 -18.512600 -0.635200 -0.012900 -0.692909 -0.720909 0.512500 0.000000 1 6 1.000000
  6 9.410900 -18.512600 1.215400 0.064099 -0.425494 0.902688 0.473000 1.000000 1 6 1.000000
flockeyes
  6 8.705000 -18.512600 -0.635200 -0.012900 -0.692909 -0.720909 0.512500 0.000000 1 6 1.000000
  7 17.868099 -16.034599 0.299600 0.326902 -0.636904 -0.698204 0.000000 0.505100 1 7 1.000000
  6 9.410900 -18.512600 1.215400 0.064099 -0.425494 0.902688 0.473000 1.000000 1 6 1.000000
flockeyes
  4 -18.851101 -16.034599 0.299600 -0.319999 -0.636899 0.701399 0.000000 0.505100 1 4 1.000000
  3 -9.688000 -18.512600 -0.635200 -0.018501 -0.552018 -0.833627 0.486400 0.000000 1 3 1.000000
  3 -10.393900 -18.512600 1.215400 -0.086004 -0.541122 0.836534 0.448900 1.000000 1 3 1.000000
flockeyes
  3 -9.688000 -18.512600 -0.635200 -0.018501 -0.552018 -0.833627 0.486400 0.000000 1 3 1.000000
  0 -0.011500 -16.078699 0.851900 -0.010500 -0.748806 -0.662706 1.000000 0.803600 1 0 1.000000
  3 -10.393900 -18.512600 1.215400 -0.086004 -0.541122 0.836534 0.448900 1.000000 1 3 1.000000
flocktop
  0 -0.011500 -7.870700 2.800600 -0.001600 0.172598 0.984991 2.000800 0.712600 1 0 1.000000
  3 -10.393900 -18.512600 1.215400 -0.086004 -0.541122 0.836534 1.643500 1.000000 1 3 1.000000
  0 -0.011500 -16.078699 0.851900 -0.010500 -0.748806 -0.662706 2.000800 0.934300 1 0 1.000000
flocktop
  1 -1.022300 8.735900 0.070600 -0.643872 0.159293 -0.748368 1.966000 0.264100 1 1 1.000000
  1 -0.063400 8.649300 1.969500 -0.366810 0.055702 0.928626 1.999000 0.266400 1 1 1.000000
  2 -0.011500 18.512600 0.863100 0.002900 0.891261 -0.453480 2.000800 0.000000 1 2 1.000000
flocktop
  1 -0.063400 8.649300 1.969500 -0.366810 0.055702 0.928626 1.999000 0.266400 1 1 1.000000
  1 -1.022300 8.735900 0.070600 -0.643872 0.159293 -0.748368 1.966000 0.264100 1 1 1.000000
  0 -1.601100 2.134200 -0.909000 -0.930861 0.300187 -0.208291 1.946100 0.442400 1 0 1.000000
flocktop
  0 -1.601100 2.134200 -0.909000 -0.930861 0.300187 -0.208291 1.946100 0.442400 1 0 1.000000
  0 -0.063400 1.995500 2.136200 0.367295 0.038999 0.929287 1.999000 0.446100 1 0 1.000000
  1 -0.063400 8.649300 1.969500 -0.366810 0.055702 0.928626 1.999000 0.266400 1 1 1.000000
flocktop
  0 -1.601100 2.134200 -0.909000 -0.930861 0.300187 -0.208291 1.946100 0.442400 1 0 1.000000
  0 -0.011500 -7.870700 2.800600 -0.001600 0.172598 0.984991 2.000800 0.712600 1 0 1.000000
  0 -0.063400 1.995500 2.136200 0.367295 0.038999 0.929287 1.999000 0.446100 1 0 1.000000
flocktop
  0 -5.772100 -2.364800 -2.367100 -0.371806 0.398106 0.838613 1.802600 0.563900 1 0 1.000000
  0 -0.011500 -7.870700 2.800600 -0.001600 0.172598 0.984991 2.000800 0.712600 1 0 1.000000
  0 -1.601100 2.134200 -0.909000 -0.930861 0.300187 -0.208291 1.946100 0.442400 1 0 1.000000
flocktop
  0 -5.772100 -2.364800 -2.367100 -0.371806 0.398106 0.838613 1.802600 0.563900 1 0 1.000000
  4 -10.982900 -6.758900 -0.635200 -0.128503 0.232705 0.964020 1.623200 0.682500 1 4 1.000000
  0 -0.011500 -7.870700 2.800600 -0.001600 0.172598 0.984991 2.000800 0.712600 1 0 1.000000
flocktop
  0 -0.011500 -7.870700 2.800600 -0.001600 0.172598 0.984991 2.000800 0.712600 1 0 1.000000
  4 -10.982900 -6.758900 -0.635200 -0.128503 0.232705 0.964020 1.623200 0.682500 1 4 1.000000
  3 -10.393900 -18.512600 1.215400 -0.086004 -0.541122 0.836534 1.643500 1.000000 1 3 1.000000
flocktop
  4 -18.851101 -16.034599 0.299600 -0.319999 -0.636899 0.701399 1.352500 0.933100 1 4 1.000000
  3 -10.393900 -18.512600 1.215400 -0.086004 -0.541122 0.836534 1.643500 1.000000 1 3 1.000000
  4 -10.982900 -6.758900 -0.635200 -0.128503 0.232705 0.964020 1.623200 0.682500 1 4 1.000000
flocktop
  4 -18.851101 -16.034599 0.299600 -0.319999 -0.636899 0.701399 1.352500 0.933100 1 4 1.000000
  4 -10.982900 -6.758900 -0.635200 -0.128503 0.232705 0.964020 1.623200 0.682500 1 4 1.000000
  5 -19.161100 -8.462200 -0.163000 -0.087601 -0.035800 -0.995512 1.341800 0.728600 1 5 1.000000
flocktop
  4 -18.851101 -16.034599 0.299600 -0.319999 -0.636899 0.701399 1.352500 0.933100 1 4 1.000000
  5 -19.161100 -8.462200 -0.163000 -0.087601 -0.035800 -0.995512 1.341800 0.728600 1 5 1.000000
  5 -29.071199 -16.175100 -0.104300 1.000000 0.000000 0.000000 1.000800 0.936900 1 5 1.000000
flocktop
  5 -19.161100 -8.462200 -0.163000 -0.087601 -0.035800 -0.995512 1.341800 0.728600 1 5 1.000000
  4 -18.851101 -16.034599 0.299600 -0.319999 -0.636899 0.701399 1.352500 0.933100 1 4 1.000000
  5 -29.071199 -16.175100 -0.104300 1.000000 0.000000 0.000000 1.000800 0.936900 1 5 1.000000
flocktop
  1 -0.063400 8.649300 1.969500 -0.366810 0.055702 0.928626 1.995700 0.266400 1 1 1.000000
  1 0.895500 8.735900 0.070600 0.967655 0.107106 -0.228413 1.962700 0.264100 1 1 1.000000
  2 -0.011500 18.512600 0.863100 0.002900 0.891261 -0.453480 1.993900 0.000000 1 2 1.000000
flocktop
  1 0.895500 8.735900 0.070600 0.967655 0.107106 -0.228413 1.962700 0.264100 1 1 1.000000
  1 -0.063400 8.649300 1.969500 -0.366810 0.055702 0.928626 1.995700 0.266400 1 1 1.000000
  0 -0.063400 1.995500 2.136200 0.367295 0.038999 0.929287 1.995700 0.446100 1 0 1.000000
flocktop
  0 -0.063400 1.995500 2.136200 0.367295 0.038999 0.929287 1.995700 0.446100 1 0 1.000000
  0 1.474300 2.134200 -0.909000 0.642415 0.233505 -0.729917 1.942900 0.442400 1 0 1.000000
  1 0.895500 8.735900 0.070600 0.967655 0.107106 -0.228413 1.962700 0.264100 1 1 1.000000
flocktop
  0 1.474300 2.134200 -0.909000 0.642415 0.233505 -0.729917 1.942900 0.442400 1 0 1.000000
  0 -0.063400 1.995500 2.136200 0.367295 0.038999 0.929287 1.995700 0.446100 1 0 1.000000
  0 -0.011500 -7.870700 2.800600 -0.001600 0.172598 0.984991 1.993900 0.712600 1 0 1.000000
flocktop
  0 -0.011500 -7.870700 2.800600 -0.001600 0.172598 0.984991 1.993900 0.712600 1 0 1.000000
  0 5.749200 -2.364800 -2.367100 0.368385 0.401583 0.838465 1.796100 0.563900 1 0 1.000000
  0 1.474300 2.134200 -0.909000 0.642415 0.233505 -0.729917 1.942900 0.442400 1 0 1.000000
flocktop
  0 -0.011500 -7.870700 2.800600 -0.001600 0.172598 0.984991 1.993900 0.712600 1 0 1.000000
  7 10.999900 -6.758900 -0.635200 0.157800 0.283500 0.945900 1.615900 0.682500 1 7 1.000000
  0 5.749200 -2.364800 -2.367100 0.368385 0.401583 0.838465 1.796100 0.563900 1 0 1.000000
flocktop
  6 9.410900 -18.512600 1.215400 0.064099 -0.425494 0.902688 1.670500 1.000000 1 6 1.000000
  7 10.999900 -6.758900 -0.635200 0.157800 0.283500 0.945900 1.615900 0.682500 1 7 1.000000
  0 -0.011500 -7.870700 2.800600 -0.001600 0.172598 0.984991 1.993900 0.712600 1 0 1.000000
flocktop
  6 9.410900 -18.512600 1.215400 0.064099 -0.425494 0.902688 1.670500 1.000000 1 6 1.000000
  8 19.178101 -8.462200 -0.163000 0.043301 -0.068401 -0.996718 1.335200 0.728600 1 8 1.000000
  7 10.999900 -6.758900 -0.635200 0.157800 0.283500 0.945900 1.615900 0.682500 1 7 1.000000
flocktop
  6 9.410900 -18.512600 1.215400 0.064099 -0.425494 0.902688 1.670500 1.000000 1 6 1.000000
  7 17.868099 -16.034599 0.299600 0.326902 -0.636904 -0.698204 1.380200 0.933100 1 7 1.000000
  8 19.178101 -8.462200 -0.163000 0.043301 -0.068401 -0.996718 1.335200 0.728600 1 8 1.000000
flocktop
  7 17.868099 -16.034599 0.299600 0.326902 -0.636904 -0.698204 1.380200 0.933100 1 7 1.000000
  8 19.178101 -8.462200 -0.163000 0.043301 -0.068401 -0.996718 1.335200 0.728600 1 8 1.000000
  8 29.071199 -16.175100 -0.104300 1.000000 0.000000 0.000000 0.995700 0.936900 1 8 1.000000
flocktop
  8 19.178101 -8.462200 -0.163000 0.043301 -0.068401 -0.996718 1.335200 0.728600 1 8 1.000000
  7 17.868099 -16.034599 0.299600 0.326902 -0.636904 -0.698204 1.380200 0.933100 1 7 1.000000
  8 29.071199 -16.175100 -0.104300 1.000000 0.000000 0.000000 0.995700 0.936900 1 8 1.000000
flocktop
  6 9.410900 -18.512600 1.215400 0.064099 -0.425494 0.902688 1.670500 1.000000 1 6 1.000000
  0 -0.011500 -7.870700 2.800600 -0.001600 0.172598 0.984991 1.993900 0.712600 1 0 1.000000
  0 -0.011500 -16.078699 0.851900 -0.010500 -0.748806 -0.662706 1.993900 0.934300 1 0 1.000000
flockbot
  0 -0.011500 -16.078699 0.851900 -0.010500 -0.748806 -0.662706 1.000000 0.921500 1 0 1.000000
  4 -10.982900 -6.758900 -0.635200 -0.001300 -0.086297 -0.996268 0.635300 0.674900 1 4 1.000000
  0 -5.772100 -2.364800 -2.367100 -0.032900 -0.064100 -0.997401 0.808500 0.558600 1 0 1.000000
flockbot
  0 -0.011500 -16.078699 0.851900 -0.010500 -0.748806 -0.662706 1.000000 0.921500 1 0 1.000000
  3 -9.688000 -18.512600 -0.635200 -0.018501 -0.552018 -0.833627 0.678300 0.985900 1 3 1.000000
  4 -10.982900 -6.758900 -0.635200 -0.001300 -0.086297 -0.996268 0.635300 0.674900 1 4 1.000000
flockbot
  3 -9.688000 -18.512600 -0.635200 -0.018501 -0.552018 -0.833627 0.678300 0.985900 1 3 1.000000
  5 -19.161100 -8.462200 -0.163000 -0.087601 -0.035800 -0.995512 0.363300 0.720000 1 5 1.000000
  4 -10.982900 -6.758900 -0.635200 -0.001300 -0.086297 -0.996268 0.635300 0.674900 1 4 1.000000
flockbot
  3 -9.688000 -18.512600 -0.635200 -0.018501 -0.552018 -0.833627 0.678300 0.985900 1 3 1.000000
  4 -18.851101 -16.034599 0.299600 -0.319999 -0.636899 0.701399 0.373700 0.920400 1 4 1.000000
  5 -19.161100 -8.462200 -0.163000 -0.087601 -0.035800 -0.995512 0.363300 0.720000 1 5 1.000000
flockbot
  0 5.749200 -2.364800 -2.367100 0.024699 0.032099 -0.999179 0.809500 0.565400 1 0 1.000000
  7 10.999900 -6.758900 -0.635200 0.021600 -0.081801 -0.996414 0.632500 0.681600 1 7 1.000000
  0 -0.011500 -16.078699 0.851900 -0.010500 -0.748806 -0.662706 1.003600 0.928100 1 0 1.000000
flockbot
  0 -0.011500 -16.078699 0.851900 -0.010500 -0.748806 -0.662706 1.003600 0.928100 1 0 1.000000
  7 10.999900 -6.758900 -0.635200 0.021600 -0.081801 -0.996414 0.632500 0.681600 1 7 1.000000
  6 8.705000 -18.512600 -0.635200 -0.012900 -0.692909 -0.720909 0.709800 0.992400 1 6 1.000000
flockbot
  7 17.868099 -16.034599 0.299600 0.326902 -0.636904 -0.698204 0.401000 0.926900 1 7 1.000000
  6 8.705000 -18.512600 -0.635200 -0.012900 -0.692909 -0.720909 0.709800 0.992400 1 6 1.000000
  7 10.999900 -6.758900 -0.635200 0.021600 -0.081801 -0.996414 0.632500 0.681600 1 7 1.000000
flockbot
  7 17.868099 -16.034599 0.299600 0.326902 -0.636904 -0.698204 0.401000 0.926900 1 7 1.000000
  7 10.999900 -6.758900 -0.635200 0.021600 -0.081801 -0.996414 0.632500 0.681600 1 7 1.000000
  8 19.178101 -8.462200 -0.163000 0.043301 -0.068401 -0.996718 0.356800 0.726700 1 8 1.000000
end
