version 1
nodes
  0 "Line10" -1
  1 "Box01" -1
  2 "Line03" -1
  3 "Line13" -1
  4 "Line14" -1
  5 "Line09" -1
  6 "Line07" -1
  7 "Line06" -1
  8 "Line27" -1
  9 "Line32" -1
  10 "Line22" -1
  11 "Line25" -1
  12 "Line17" -1
  13 "Box03" -1
  14 "Box02" -1
end
skeleton
  time 0
    0 -0.695998 -19.617628 3.776891 0.225982 3.141592 -1.570796
    1 -0.030026 0.136166 1.404645 0.140352 0.000000 -1.570796
    2 -0.695998 -22.067442 2.257345 -0.245019 -3.141592 -1.570796
    3 -0.695997 -11.747844 0.335071 0.182105 -0.001557 1.135055
    4 8.566166 -8.289534 -2.978710 0.332241 0.000000 1.221908
    5 -0.695998 -14.228828 -12.923785 0.977685 0.000000 1.570796
    6 -0.695996 2.762120 -1.034087 -0.034622 0.175138 -0.006035
    7 -0.695996 4.539876 -0.023603 -0.035685 2.914815 -1.570796
    8 -0.651458 -6.899722 -1.692727 -0.363190 -3.099428 -0.232943
    9 -0.651458 -9.931765 0.375623 -3.111578 -0.135690 0.736639
    10 -0.651458 -3.172823 6.239905 2.722130 0.000000 1.570796
    11 -0.651458 -14.764481 -5.261872 0.349685 -0.244222 1.780130
    12 -1.836010 -17.934811 5.559561 -2.967945 0.000000 1.570796
    13 -0.030026 -1.374350 1.068810 0.070574 0.000000 -1.570796
    14 -0.030026 -0.547662 1.364098 -1.570798 1.501814 1.570795
end
triangles
cockpit_dead.bmp
  0 6.306142 -4.047627 1.920768 -0.061299 0.100099 0.993087 0.297872 0.500000
  0 9.639184 5.592373 1.154467 -0.061299 0.100099 0.993087 0.042553 0.410714
  0 0.696447 -1.517629 0.327177 -0.061299 0.100099 0.993087 0.212766 0.678571
cockpit_dead.bmp
  0 0.696447 -1.517629 0.327177 -0.061299 0.100099 0.993087 0.212766 0.678571
  0 9.639184 5.592373 1.154467 -0.061299 0.100099 0.993087 0.042553 0.410714
  0 1.179877 4.162373 3.099339 0.000000 1.000000 0.000000 0.042553 0.732143
cockpit_dead.bmp
  0 9.639184 5.592373 1.154467 -0.061299 0.100099 0.993087 0.042553 0.410714
  0 0.696447 -1.517629 0.327177 -0.061299 0.100099 0.993087 0.212766 0.678571
  0 1.179877 4.162373 3.099339 0.000000 1.000000 0.000000 0.042553 0.732143
cockpit_dead.bmp
  0 0.696447 -1.517629 0.327177 0.061299 -0.100099 -0.993087 0.212766 0.678571
  0 9.639184 5.592373 1.154467 0.061299 -0.100099 -0.993087 0.042553 0.410714
  0 6.306142 -4.047627 1.920768 0.061299 -0.100099 -0.993087 0.297872 0.500000
end
