// Created by Crowbar 0.72
version 1
nodes
  0 "Box01" -1
  1 "Box02" -1
  2 "Line02" -1
  3 "Line01" -1
  4 "Line03" -1
end
skeleton
  time 0
    0 0.907267 0.563336 0.000000 0.000000 0.000000 -0.610556
    1 0.567664 0.800972 0.000000 0.000000 0.000000 -0.610556
    2 3.995351 -2.006842 1.120999 -1.570796 0.000000 -1.413000
    3 0.759600 -0.268175 0.060000 0.000000 0.000000 0.000000
    4 -2.517960 3.182620 0.620650 1.588776 0.179124 -2.624969
end
triangles
page1
  3 2.218145 -1.744435 0.059963 0.123445 -0.092611 0.988020 0.000000 0.637400 1 3 1.000000
  3 -1.420606 -3.327096 0.128533 0.123445 -0.092611 0.988020 1.000000 1.000000 1 3 1.000000
  3 1.569657 -3.267546 0.059973 0.000006 -1.000000 -0.000007 0.178200 0.986300 1 3 1.000000
page1
  3 2.218145 -1.744435 0.059963 0.123445 -0.092611 0.988020 0.000000 0.637400 1 3 1.000000
  3 1.569657 -3.267546 0.059973 0.000006 -1.000000 -0.000007 0.178200 0.986300 1 3 1.000000
  3 -1.420606 -3.327096 0.128533 0.123445 -0.092611 0.988020 1.000000 1.000000 1 3 1.000000
page1
  3 2.218145 -1.744435 0.059963 0.123445 -0.092611 0.988020 0.000000 0.637400 1 3 1.000000
  3 -1.420606 -3.327096 0.128533 0.123445 -0.092611 0.988020 1.000000 1.000000 1 3 1.000000
  3 1.463463 -0.661005 0.202089 1.000000 -0.000007 0.000006 0.202000 0.393000 1 3 1.000000
page1
  3 2.218145 -1.744435 0.059963 0.123445 -0.092611 0.988020 0.000000 0.637400 1 3 1.000000
  3 1.463463 -0.661005 0.202089 1.000000 -0.000007 0.000006 0.202000 0.393000 1 3 1.000000
  3 -1.420606 -3.327096 0.128533 0.123445 -0.092611 0.988020 1.000000 1.000000 1 3 1.000000
end
