// Created by Crowbar 0.72
version 1
nodes
  0 "Box01" -1
  1 "Box02" -1
  2 "Line02" -1
  3 "Line01" -1
  4 "Line03" -1
end
skeleton
  time 0
    0 0.907267 0.563336 0.000000 0.000000 0.000000 -0.610556
    1 0.567664 0.800972 0.000000 0.000000 0.000000 -0.610556
    2 3.995351 -2.006842 1.120999 -1.570796 0.000000 -1.413000
    3 0.759600 -0.268175 0.060000 0.000000 0.000000 0.000000
    4 -2.517960 3.182620 0.620650 1.588776 0.179124 -2.624969
end
triangles
page5
  3 2.743207 -2.275854 0.060020 -0.062067 -0.093144 0.993716 1.000000 0.325300 1 3 1.000000
  3 -2.205491 -4.428325 0.153180 0.029499 -0.324959 0.945268 0.000000 0.000000 1 3 1.000000
  3 1.861310 -4.347301 0.059943 -0.000024 -1.000000 -0.000009 0.821800 0.012200 1 3 1.000000
page5
  3 2.743207 -2.275854 0.060020 -0.062067 -0.093144 0.993716 1.000000 0.325300 1 3 1.000000
  3 1.861310 -4.347301 0.059943 -0.000024 -1.000000 -0.000009 0.821800 0.012200 1 3 1.000000
  3 -2.205491 -4.428325 0.153180 0.029499 -0.324959 0.945268 0.000000 0.000000 1 3 1.000000
page5
  3 2.743207 -2.275854 0.060020 -0.062067 -0.093144 0.993716 1.000000 0.325300 1 3 1.000000
  3 1.743730 -0.825419 -0.059549 0.124072 -0.992273 -0.000035 0.798000 0.544500 1 3 1.000000
  3 -2.205491 -4.428325 0.153180 0.029499 -0.324959 0.945268 0.000000 0.000000 1 3 1.000000
page5
  3 2.743207 -2.275854 0.060020 -0.062067 -0.093144 0.993716 1.000000 0.325300 1 3 1.000000
  3 -2.205491 -4.428325 0.153180 0.029499 -0.324959 0.945268 0.000000 0.000000 1 3 1.000000
  3 1.743730 -0.825419 -0.059549 0.124072 -0.992273 -0.000035 0.798000 0.544500 1 3 1.000000
page5
  3 1.743730 -0.825419 -0.059549 0.124072 -0.992273 -0.000035 0.798000 0.544500 1 3 1.000000
  3 1.742869 0.698127 0.059959 0.120390 -0.240778 -0.963085 0.797900 0.774700 1 3 1.000000
  3 -2.205491 -4.428325 0.153180 0.029499 -0.324959 0.945268 0.000000 0.000000 1 3 1.000000
page5
  3 1.742869 0.698127 0.059959 0.120390 -0.240778 -0.963085 0.797900 0.774700 1 3 1.000000
  3 -1.185548 -1.067723 0.059987 -0.000005 -0.000021 -1.000000 0.206100 0.507900 1 3 1.000000
  3 -2.205491 -4.428325 0.153180 0.029499 -0.324959 0.945268 0.000000 0.000000 1 3 1.000000
page5
  3 1.742869 0.698127 0.059959 0.120390 -0.240778 -0.963085 0.797900 0.774700 1 3 1.000000
  3 -0.095726 1.507403 0.060023 1.000000 -0.000045 0.000005 0.426300 0.897100 1 3 1.000000
  3 -1.185548 -1.067723 0.059987 -0.000005 -0.000021 -1.000000 0.206100 0.507900 1 3 1.000000
page5
  3 1.742869 0.698127 0.059959 0.120390 -0.240778 -0.963085 0.797900 0.774700 1 3 1.000000
  3 -1.185548 -1.067723 0.059987 -0.000005 -0.000021 -1.000000 0.206100 0.507900 1 3 1.000000
  3 -0.095726 1.507403 0.060023 1.000000 -0.000045 0.000005 0.426300 0.897100 1 3 1.000000
page5
  3 1.742869 0.698127 0.059959 0.120390 -0.240778 -0.963085 0.797900 0.774700 1 3 1.000000
  3 -0.095726 1.507403 0.060023 1.000000 -0.000045 0.000005 0.426300 0.897100 1 3 1.000000
  3 1.548481 2.188672 0.060055 1.000000 -0.000045 0.000005 0.758600 1.000000 1 3 1.000000
page5
  3 1.742869 0.698127 0.059959 0.120390 -0.240778 -0.963085 0.797900 0.774700 1 3 1.000000
  3 1.548481 2.188672 0.060055 1.000000 -0.000045 0.000005 0.758600 1.000000 1 3 1.000000
  3 -0.095726 1.507403 0.060023 1.000000 -0.000045 0.000005 0.426300 0.897100 1 3 1.000000
page5
  3 1.742869 0.698127 0.059959 0.120390 -0.240778 -0.963085 0.797900 0.774700 1 3 1.000000
  3 -2.205491 -4.428325 0.153180 0.029499 -0.324959 0.945268 0.000000 0.000000 1 3 1.000000
  3 -1.185548 -1.067723 0.059987 -0.000005 -0.000021 -1.000000 0.206100 0.507900 1 3 1.000000
page5
  3 1.743730 -0.825419 -0.059549 0.124072 -0.992273 -0.000035 0.798000 0.544500 1 3 1.000000
  3 -2.205491 -4.428325 0.153180 0.029499 -0.324959 0.945268 0.000000 0.000000 1 3 1.000000
  3 1.742869 0.698127 0.059959 0.120390 -0.240778 -0.963085 0.797900 0.774700 1 3 1.000000
end
