// Created by Crowbar 0.72
version 1
nodes
  0 "Box01" -1
  1 "Box02" -1
  2 "Line02" -1
  3 "Line01" -1
  4 "Line03" -1
end
skeleton
  time 0
    0 0.907267 0.563336 0.000000 0.000000 0.000000 -0.610556
    1 0.567664 0.800972 0.000000 0.000000 0.000000 -0.610556
    2 3.995351 -2.006842 1.120999 -1.570796 0.000000 -1.413000
    3 0.759600 -0.268175 0.060000 0.000000 0.000000 0.000000
    4 -2.517960 3.182620 0.620650 1.588776 0.179124 -2.624969
end
triangles
page2
  3 -0.318120 1.969080 0.060000 1.000000 0.000000 0.000000 0.640400 0.280000 1 3 1.000000
  3 -0.592320 3.950880 0.060000 1.000000 0.000000 0.000000 0.676100 0.085100 1 3 1.000000
  3 -2.294280 2.472360 0.060000 1.000000 0.000000 0.000000 0.913200 0.230500 1 3 1.000000
page2
  3 -0.318120 1.969080 0.060000 1.000000 0.000000 0.000000 0.640400 0.280000 1 3 1.000000
  3 -2.294280 2.472360 0.060000 1.000000 0.000000 0.000000 0.913200 0.230500 1 3 1.000000
  3 -0.592320 3.950880 0.060000 1.000000 0.000000 0.000000 0.676100 0.085100 1 3 1.000000
page2
  3 -0.318120 1.969080 0.060000 1.000000 0.000000 0.000000 0.640400 0.280000 1 3 1.000000
  3 -2.294280 2.472360 0.060000 1.000000 0.000000 0.000000 0.913200 0.230500 1 3 1.000000
  3 -1.691280 -1.275600 0.060000 -0.015600 -0.031200 0.999391 0.819300 0.599100 1 3 1.000000
page2
  3 -0.318120 1.969080 0.060000 1.000000 0.000000 0.000000 0.640400 0.280000 1 3 1.000000
  3 -1.691280 -1.275600 0.060000 -0.015600 -0.031200 0.999391 0.819300 0.599100 1 3 1.000000
  3 -2.294280 2.472360 0.060000 1.000000 0.000000 0.000000 0.913200 0.230500 1 3 1.000000
page2
  3 1.998600 0.949440 0.060000 -0.031199 -0.062298 0.997570 0.338600 0.380300 1 3 1.000000
  3 -0.325440 -2.957280 0.177360 0.058402 -0.350513 0.934735 0.641400 0.764400 1 3 1.000000
  3 -1.691280 -1.275600 0.060000 -0.015600 -0.031200 0.999391 0.819300 0.599100 1 3 1.000000
page2
  3 2.896320 -0.538920 0.177360 0.707107 -0.707107 0.000000 0.221600 0.526600 1 3 1.000000
  3 -0.325440 -2.957280 0.177360 0.058402 -0.350513 0.934735 0.641400 0.764400 1 3 1.000000
  3 1.998600 0.949440 0.060000 -0.031199 -0.062298 0.997570 0.338600 0.380300 1 3 1.000000
page2
  3 1.998600 0.949440 0.060000 -0.031199 -0.062298 0.997570 0.338600 0.380300 1 3 1.000000
  3 -0.318120 1.969080 0.060000 1.000000 0.000000 0.000000 0.640400 0.280000 1 3 1.000000
  3 1.753560 2.827440 0.060000 1.000000 0.000000 0.000000 0.370500 0.195600 1 3 1.000000
page2
  3 1.998600 0.949440 0.060000 -0.031199 -0.062298 0.997570 0.338600 0.380300 1 3 1.000000
  3 1.753560 2.827440 0.060000 1.000000 0.000000 0.000000 0.370500 0.195600 1 3 1.000000
  3 -0.318120 1.969080 0.060000 1.000000 0.000000 0.000000 0.640400 0.280000 1 3 1.000000
page2
  3 1.998600 0.949440 0.060000 -0.031199 -0.062298 0.997570 0.338600 0.380300 1 3 1.000000
  3 -1.691280 -1.275600 0.060000 -0.015600 -0.031200 0.999391 0.819300 0.599100 1 3 1.000000
  3 -0.318120 1.969080 0.060000 1.000000 0.000000 0.000000 0.640400 0.280000 1 3 1.000000
page2
  3 1.998600 0.949440 0.060000 -0.031199 -0.062298 0.997570 0.338600 0.380300 1 3 1.000000
  3 -0.318120 1.969080 0.060000 1.000000 0.000000 0.000000 0.640400 0.280000 1 3 1.000000
  3 -1.691280 -1.275600 0.060000 -0.015600 -0.031200 0.999391 0.819300 0.599100 1 3 1.000000
page2
  3 1.998600 0.949440 0.060000 -0.031199 -0.062298 0.997570 0.338600 0.380300 1 3 1.000000
  3 -1.691280 -1.275600 0.060000 -0.015600 -0.031200 0.999391 0.819300 0.599100 1 3 1.000000
  3 -0.325440 -2.957280 0.177360 0.058402 -0.350513 0.934735 0.641400 0.764400 1 3 1.000000
page2
  3 2.896320 -0.538920 0.177360 0.707107 -0.707107 0.000000 0.221600 0.526600 1 3 1.000000
  3 1.998600 0.949440 0.060000 -0.031199 -0.062298 0.997570 0.338600 0.380300 1 3 1.000000
  3 -0.325440 -2.957280 0.177360 0.058402 -0.350513 0.934735 0.641400 0.764400 1 3 1.000000
page2
  3 2.267280 -2.342640 0.060000 0.060498 -0.242091 0.968365 0.303600 0.704000 1 3 1.000000
  3 -0.325440 -2.957280 0.177360 0.058402 -0.350513 0.934735 0.641400 0.764400 1 3 1.000000
  3 2.896320 -0.538920 0.177360 0.707107 -0.707107 0.000000 0.221600 0.526600 1 3 1.000000
page2
  3 2.267280 -2.342640 0.060000 0.060498 -0.242091 0.968365 0.303600 0.704000 1 3 1.000000
  3 2.896320 -0.538920 0.177360 0.707107 -0.707107 0.000000 0.221600 0.526600 1 3 1.000000
  3 -0.325440 -2.957280 0.177360 0.058402 -0.350513 0.934735 0.641400 0.764400 1 3 1.000000
page2
  3 2.267280 -2.342640 0.060000 0.060498 -0.242091 0.968365 0.303600 0.704000 1 3 1.000000
  3 -0.325440 -2.957280 0.177360 0.058402 -0.350513 0.934735 0.641400 0.764400 1 3 1.000000
  3 1.293600 -3.817800 0.060000 0.000000 -0.123998 -0.992282 0.430400 0.849000 1 3 1.000000
page2
  3 2.267280 -2.342640 0.060000 0.060498 -0.242091 0.968365 0.303600 0.704000 1 3 1.000000
  3 1.293600 -3.817800 0.060000 0.000000 -0.123998 -0.992282 0.430400 0.849000 1 3 1.000000
  3 -0.325440 -2.957280 0.177360 0.058402 -0.350513 0.934735 0.641400 0.764400 1 3 1.000000
page2
  3 1.293600 -3.817800 0.060000 0.000000 -0.123998 -0.992282 0.430400 0.849000 1 3 1.000000
  3 2.267280 -2.342640 0.060000 0.060498 -0.242091 0.968365 0.303600 0.704000 1 3 1.000000
  3 3.485040 -4.186680 0.060000 1.000000 0.000000 0.000000 0.144900 0.885300 1 3 1.000000
page2
  3 1.293600 -3.817800 0.060000 0.000000 -0.123998 -0.992282 0.430400 0.849000 1 3 1.000000
  3 3.485040 -4.186680 0.060000 1.000000 0.000000 0.000000 0.144900 0.885300 1 3 1.000000
  3 2.267280 -2.342640 0.060000 0.060498 -0.242091 0.968365 0.303600 0.704000 1 3 1.000000
end
