// Created by Crowbar 0.72
version 1
nodes
  0 "Box01" -1
  1 "Box02" -1
  2 "Line02" -1
  3 "Line01" -1
  4 "Line03" -1
end
skeleton
  time 0
    0 0.907267 0.563336 0.000000 0.000000 0.000000 -0.610556
    1 0.567664 0.800972 0.000000 0.000000 0.000000 -0.610556
    2 3.995351 -2.006842 1.120999 -1.570796 0.000000 -1.413000
    3 0.759600 -0.268175 0.060000 0.000000 0.000000 0.000000
    4 -2.517960 3.182620 0.620650 1.588776 0.179124 -2.624969
end
triangles
page1
  3 2.743229 -2.275871 0.059961 0.123499 -0.092652 0.988010 0.000000 0.637400 1 3 1.000000
  3 -2.205426 -4.428247 0.153121 0.123499 -0.092652 0.988010 1.000000 1.000000 1 3 1.000000
  3 1.861371 -4.347255 0.060004 0.000049 -1.000000 -0.000007 0.178200 0.986300 1 3 1.000000
page1
  3 2.743229 -2.275871 0.059961 0.123499 -0.092652 0.988010 0.000000 0.637400 1 3 1.000000
  3 1.861371 -4.347255 0.060004 0.000049 -1.000000 -0.000007 0.178200 0.986300 1 3 1.000000
  3 -2.205426 -4.428247 0.153121 0.123499 -0.092652 0.988010 1.000000 1.000000 1 3 1.000000
page1
  3 2.743229 -2.275871 0.059961 0.123499 -0.092652 0.988010 0.000000 0.637400 1 3 1.000000
  3 1.716907 -0.802449 0.253216 0.123979 0.000004 0.992285 0.202000 0.393000 1 3 1.000000
  3 -2.205426 -4.428247 0.153121 0.123499 -0.092652 0.988010 1.000000 1.000000 1 3 1.000000
page1
  3 2.743229 -2.275871 0.059961 0.123499 -0.092652 0.988010 0.000000 0.637400 1 3 1.000000
  3 -2.205426 -4.428247 0.153121 0.123499 -0.092652 0.988010 1.000000 1.000000 1 3 1.000000
  3 1.716907 -0.802449 0.253216 0.123979 0.000004 0.992285 0.202000 0.393000 1 3 1.000000
page1
  3 1.716907 -0.802449 0.253216 0.123979 0.000004 0.992285 0.202000 0.393000 1 3 1.000000
  3 -2.205426 -4.428247 0.153121 0.123499 -0.092652 0.988010 1.000000 1.000000 1 3 1.000000
  3 1.742888 0.698178 0.060019 1.000000 -0.000001 0.000003 0.202100 0.136300 1 3 1.000000
page1
  3 1.716907 -0.802449 0.253216 0.123979 0.000004 0.992285 0.202000 0.393000 1 3 1.000000
  3 1.742888 0.698178 0.060019 1.000000 -0.000001 0.000003 0.202100 0.136300 1 3 1.000000
  3 -2.205426 -4.428247 0.153121 0.123499 -0.092652 0.988010 1.000000 1.000000 1 3 1.000000
end
