// Created by Crowbar 0.72
version 1
nodes
  0 "Box01" -1
  1 "Box02" -1
  2 "Line02" -1
  3 "Line01" -1
  4 "Line03" -1
end
skeleton
  time 0
    0 0.907267 0.563336 0.000000 0.000000 0.000000 -0.610556
    1 0.567664 0.800972 0.000000 0.000000 0.000000 -0.610556
    2 3.995351 -2.006842 1.120999 -1.570796 0.000000 -1.413000
    3 0.759600 -0.268175 0.060000 0.000000 0.000000 0.000000
    4 -2.517960 3.182620 0.620650 1.588776 0.179124 -2.624969
end
triangles
page5
  3 2.743224 -2.275872 0.060021 -0.062134 -0.093168 0.993710 0.291700 0.710800 1 3 1.000000
  3 -2.205470 -4.428256 0.153179 0.029529 -0.324964 0.945265 0.811300 0.936800 1 3 1.000000
  3 1.861266 -4.347274 0.059941 0.000018 -1.000000 -0.000008 0.384300 0.928300 1 3 1.000000
page5
  3 2.743224 -2.275872 0.060021 -0.062134 -0.093168 0.993710 0.291700 0.710800 1 3 1.000000
  3 1.861266 -4.347274 0.059941 0.000018 -1.000000 -0.000008 0.384300 0.928300 1 3 1.000000
  3 -2.205470 -4.428256 0.153179 0.029529 -0.324964 0.945265 0.811300 0.936800 1 3 1.000000
page5
  3 2.743224 -2.275872 0.060021 -0.062134 -0.093168 0.993710 0.291700 0.710800 1 3 1.000000
  3 1.743706 -0.825454 -0.059550 0.124003 -0.992282 -0.000036 0.396700 0.558500 1 3 1.000000
  3 -2.205470 -4.428256 0.153179 0.029529 -0.324964 0.945265 0.811300 0.936800 1 3 1.000000
page5
  3 2.743224 -2.275872 0.060021 -0.062134 -0.093168 0.993710 0.291700 0.710800 1 3 1.000000
  3 -2.205470 -4.428256 0.153179 0.029529 -0.324964 0.945265 0.811300 0.936800 1 3 1.000000
  3 1.743706 -0.825454 -0.059550 0.124003 -0.992282 -0.000036 0.396700 0.558500 1 3 1.000000
page5
  3 1.743706 -0.825454 -0.059550 0.124003 -0.992282 -0.000036 0.396700 0.558500 1 3 1.000000
  3 1.742931 0.698127 0.059961 0.120366 -0.240820 -0.963077 0.396800 0.398500 1 3 1.000000
  3 -2.205470 -4.428256 0.153179 0.029529 -0.324964 0.945265 0.811300 0.936800 1 3 1.000000
page5
  3 1.742931 0.698127 0.059961 0.120366 -0.240820 -0.963077 0.396800 0.398500 1 3 1.000000
  3 -1.185537 -1.067714 0.059988 0.000023 -0.000011 -1.000000 0.704200 0.583900 1 3 1.000000
  3 -2.205470 -4.428256 0.153179 0.029529 -0.324964 0.945265 0.811300 0.936800 1 3 1.000000
page5
  3 1.742931 0.698127 0.059961 0.120366 -0.240820 -0.963077 0.396800 0.398500 1 3 1.000000
  3 -0.095702 1.507358 0.060025 1.000000 0.000024 0.000004 0.589800 0.313600 1 3 1.000000
  3 -1.185537 -1.067714 0.059988 0.000023 -0.000011 -1.000000 0.704200 0.583900 1 3 1.000000
page5
  3 1.742931 0.698127 0.059961 0.120366 -0.240820 -0.963077 0.396800 0.398500 1 3 1.000000
  3 -1.185537 -1.067714 0.059988 0.000023 -0.000011 -1.000000 0.704200 0.583900 1 3 1.000000
  3 -0.095702 1.507358 0.060025 1.000000 0.000024 0.000004 0.589800 0.313600 1 3 1.000000
page5
  3 1.742931 0.698127 0.059961 0.120366 -0.240820 -0.963077 0.396800 0.398500 1 3 1.000000
  3 -0.095702 1.507358 0.060025 1.000000 0.000024 0.000004 0.589800 0.313600 1 3 1.000000
  3 1.548527 2.188642 0.060057 1.000000 0.000024 0.000004 0.417200 0.242000 1 3 1.000000
page5
  3 1.742931 0.698127 0.059961 0.120366 -0.240820 -0.963077 0.396800 0.398500 1 3 1.000000
  3 1.548527 2.188642 0.060057 1.000000 0.000024 0.000004 0.417200 0.242000 1 3 1.000000
  3 -0.095702 1.507358 0.060025 1.000000 0.000024 0.000004 0.589800 0.313600 1 3 1.000000
page5
  3 1.742931 0.698127 0.059961 0.120366 -0.240820 -0.963077 0.396800 0.398500 1 3 1.000000
  3 -2.205470 -4.428256 0.153179 0.029529 -0.324964 0.945265 0.811300 0.936800 1 3 1.000000
  3 -1.185537 -1.067714 0.059988 0.000023 -0.000011 -1.000000 0.704200 0.583900 1 3 1.000000
page5
  3 1.743706 -0.825454 -0.059550 0.124003 -0.992282 -0.000036 0.396700 0.558500 1 3 1.000000
  3 -2.205470 -4.428256 0.153179 0.029529 -0.324964 0.945265 0.811300 0.936800 1 3 1.000000
  3 1.742931 0.698127 0.059961 0.120366 -0.240820 -0.963077 0.396800 0.398500 1 3 1.000000
end
