// Created by Crowbar 0.72
version 1
nodes
  0 "Box01" -1
  1 "Box02" -1
  2 "Line02" -1
  3 "Line01" -1
  4 "Line03" -1
end
skeleton
  time 0
    0 0.907267 0.563336 0.000000 0.000000 0.000000 -0.610556
    1 0.567664 0.800972 0.000000 0.000000 0.000000 -0.610556
    2 3.995351 -2.006842 1.120999 -1.570796 0.000000 -1.413000
    3 0.759600 -0.268175 0.060000 0.000000 0.000000 0.000000
    4 -2.517960 3.182620 0.620650 1.588776 0.179124 -2.624969
end
triangles
page5
  3 2.743204 -2.275856 0.059960 -0.062112 -0.093121 0.993715 0.291700 0.710800 1 3 1.000000
  3 -2.205445 -4.428334 0.153122 0.029498 -0.324932 0.945277 0.811300 0.936800 1 3 1.000000
  3 1.861323 -4.347262 0.060003 -0.000047 -1.000000 -0.000010 0.384300 0.928300 1 3 1.000000
page5
  3 2.743204 -2.275856 0.059960 -0.062112 -0.093121 0.993715 0.291700 0.710800 1 3 1.000000
  3 1.861323 -4.347262 0.060003 -0.000047 -1.000000 -0.000010 0.384300 0.928300 1 3 1.000000
  3 -2.205445 -4.428334 0.153122 0.029498 -0.324932 0.945277 0.811300 0.936800 1 3 1.000000
page5
  3 2.743204 -2.275856 0.059960 -0.062112 -0.093121 0.993715 0.291700 0.710800 1 3 1.000000
  3 1.743685 -0.825351 -0.059492 0.123996 -0.992283 -0.000036 0.396700 0.558500 1 3 1.000000
  3 -2.205445 -4.428334 0.153122 0.029498 -0.324932 0.945277 0.811300 0.936800 1 3 1.000000
page5
  3 2.743204 -2.275856 0.059960 -0.062112 -0.093121 0.993715 0.291700 0.710800 1 3 1.000000
  3 -2.205445 -4.428334 0.153122 0.029498 -0.324932 0.945277 0.811300 0.936800 1 3 1.000000
  3 1.743685 -0.825351 -0.059492 0.123996 -0.992283 -0.000036 0.396700 0.558500 1 3 1.000000
page5
  3 1.743685 -0.825351 -0.059492 0.123996 -0.992283 -0.000036 0.396700 0.558500 1 3 1.000000
  3 -2.205445 -4.428334 0.153122 0.029498 -0.324932 0.945277 0.811300 0.936800 1 3 1.000000
  3 1.742858 0.698108 0.060019 0.447216 -0.894426 -0.000042 0.396800 0.398500 1 3 1.000000
page5
  3 1.743685 -0.825351 -0.059492 0.123996 -0.992283 -0.000036 0.396700 0.558500 1 3 1.000000
  3 1.742858 0.698108 0.060019 0.447216 -0.894426 -0.000042 0.396800 0.398500 1 3 1.000000
  3 -2.205445 -4.428334 0.153122 0.029498 -0.324932 0.945277 0.811300 0.936800 1 3 1.000000
end
