// Created by Crowbar 0.72
version 1
nodes
  0 "Dummy01" -1
  1 "Bone01" 0
  2 "Bone04" 0
end
skeleton
  time 0
    0 0.000000 1.114200 0.158800 1.570800 0.000000 1.570800
    1 0.922000 0.487600 -0.600800 0.123800 0.373400 0.328700
    2 0.923600 0.486700 0.632300 -0.127400 -0.363000 0.346100
end
triangles
HGP_Side1
  0 0.618700 2.029600 0.639700 0.747810 0.309404 0.587408 0.734500 0.558300 1 0 1.000000
  0 0.007100 1.087800 1.187300 0.750395 0.252898 0.610696 0.648900 0.684100 1 0 1.000000
  0 0.003000 -0.007600 -0.384300 0.029200 -0.530492 -0.847187 0.549900 0.320200 1 0 1.000000
HGP_Side1
  0 -0.027600 3.995800 -1.747500 0.009000 0.998826 -0.047601 0.911400 0.003800 1 0 1.000000
  0 0.618700 2.029600 0.639700 0.747810 0.309404 0.587408 0.734500 0.558300 1 0 1.000000
  0 0.003000 -0.007600 -0.384300 0.029200 -0.530492 -0.847187 0.549900 0.320200 1 0 1.000000
HGP_Side1
  0 0.003000 -0.007600 -0.384300 0.029200 -0.530492 -0.847187 0.549900 0.320200 1 0 1.000000
  0 -0.595400 2.043000 0.649100 -0.735887 0.312094 0.600889 0.734600 0.558200 1 0 1.000000
  0 -0.027600 3.995800 -1.747500 0.009000 0.998826 -0.047601 0.911400 0.003800 1 0 1.000000
HGP_Side1
  0 0.618700 2.029600 0.639700 0.747810 0.309404 0.587408 0.734500 0.558300 1 0 1.000000
  0 -0.027600 3.995800 -1.747500 0.009000 0.998826 -0.047601 0.911400 0.003800 1 0 1.000000
  0 -0.595400 2.043000 0.649100 -0.735887 0.312094 0.600889 0.734600 0.558200 1 0 1.000000
HGP_Side1
  0 0.007100 1.087800 1.187300 0.750395 0.252898 0.610696 0.648900 0.684100 1 0 1.000000
  0 0.618700 2.029600 0.639700 0.747810 0.309404 0.587408 0.734500 0.558300 1 0 1.000000
  0 -0.595400 2.043000 0.649100 -0.735887 0.312094 0.600889 0.734600 0.558200 1 0 1.000000
HGP_Side1
  0 0.003000 -0.007600 -0.384300 0.029200 -0.530492 -0.847187 0.549900 0.320200 1 0 1.000000
  0 0.007100 1.087800 1.187300 0.750395 0.252898 0.610696 0.648900 0.684100 1 0 1.000000
  0 -0.595400 2.043000 0.649100 -0.735887 0.312094 0.600889 0.734600 0.558200 1 0 1.000000
HGP_Side1
  0 0.007100 1.087800 1.187300 0.750395 0.252898 0.610696 0.648900 0.684100 1 0 1.000000
  0 0.003000 -0.007600 -0.384300 0.029200 -0.530492 -0.847187 0.549900 0.320200 1 0 1.000000
  0 -0.399700 -0.635400 1.569100 -0.952497 -0.012300 0.304299 0.492900 0.772100 1 0 1.000000
HGP_Side1
  0 -0.399700 -0.635400 1.569100 -0.952497 -0.012300 0.304299 0.492900 0.772100 1 0 1.000000
  0 0.003000 -0.007600 -0.384300 0.029200 -0.530492 -0.847187 0.549900 0.320200 1 0 1.000000
  0 -0.079300 -5.978300 -0.444800 0.032999 -0.520086 0.853476 0.010500 0.306800 1 0 1.000000
HGP_Side1
  0 -0.079300 -5.978300 -0.444800 0.032999 -0.520086 0.853476 0.010500 0.306800 1 0 1.000000
  0 0.325000 -0.637500 1.555500 0.894889 -0.101499 0.434594 0.493300 0.770200 1 0 1.000000
  0 -0.399700 -0.635400 1.569100 -0.952497 -0.012300 0.304299 0.492900 0.772100 1 0 1.000000
HGP_Side1
  0 -0.079300 -5.978300 -0.444800 0.032999 -0.520086 0.853476 0.010500 0.306800 1 0 1.000000
  0 0.003000 -0.007600 -0.384300 0.029200 -0.530492 -0.847187 0.549900 0.320200 1 0 1.000000
  0 0.325000 -0.637500 1.555500 0.894889 -0.101499 0.434594 0.493300 0.770200 1 0 1.000000
HGP_Side1
  0 0.003000 -0.007600 -0.384300 0.029200 -0.530492 -0.847187 0.549900 0.320200 1 0 1.000000
  0 0.007100 1.087800 1.187300 0.750395 0.252898 0.610696 0.648900 0.684100 1 0 1.000000
  0 0.325000 -0.637500 1.555500 0.894889 -0.101499 0.434594 0.493300 0.770200 1 0 1.000000
HGP_Side1
  0 0.325000 -0.637500 1.555500 0.894889 -0.101499 0.434594 0.493300 0.770200 1 0 1.000000
  0 0.007100 1.087800 1.187300 0.750395 0.252898 0.610696 0.648900 0.684100 1 0 1.000000
  0 0.028300 2.471800 2.443500 0.101506 0.376221 0.920953 0.774000 0.975000 1 0 1.000000
HGP_Side1
  0 -0.399700 -0.635400 1.569100 -0.952497 -0.012300 0.304299 0.492900 0.772100 1 0 1.000000
  0 0.028300 2.471800 2.443500 0.101506 0.376221 0.920953 0.774000 0.975000 1 0 1.000000
  0 0.007100 1.087800 1.187300 0.750395 0.252898 0.610696 0.648900 0.684100 1 0 1.000000
HGP_Side1
  0 -0.399700 -0.635400 1.569100 -0.952497 -0.012300 0.304299 0.492900 0.772100 1 0 1.000000
  0 0.325000 -0.637500 1.555500 0.894889 -0.101499 0.434594 0.493300 0.770200 1 0 1.000000
  0 0.028300 2.471800 2.443500 0.101506 0.376221 0.920953 0.774000 0.975000 1 0 1.000000
HGP_Side1
  0 0.007100 1.087800 1.187300 0.750395 0.252898 0.610696 0.648900 0.684100 1 0 1.000000
  0 0.003000 -0.007600 -0.384300 0.029200 -0.530492 -0.847187 0.549900 0.320200 1 0 1.000000
  0 0.028300 2.471800 2.443500 0.101506 0.376221 0.920953 0.774000 0.975000 1 0 1.000000
HGP_Side1
  0 0.003000 -0.007600 -0.384300 0.029200 -0.530492 -0.847187 0.549900 0.320200 1 0 1.000000
  0 -0.399700 -0.635400 1.569100 -0.952497 -0.012300 0.304299 0.492900 0.772100 1 0 1.000000
  0 0.028300 2.471800 2.443500 0.101506 0.376221 0.920953 0.774000 0.975000 1 0 1.000000
HGP_Side1
  1 -1.426400 3.623300 1.978600 0.009500 0.999955 0.000500 0.876700 0.864500 1 1 1.000000
  0 -0.595400 2.043000 0.649100 0.009500 0.999955 0.000500 0.734600 0.558200 1 0 1.000000
  1 -1.415900 4.849400 0.574700 0.009500 0.999955 0.000500 0.987400 0.539100 1 1 1.000000
HGP_Side1
  0 -0.595400 2.043000 0.649100 0.009500 0.999955 0.000500 0.734600 0.558200 1 0 1.000000
  1 -1.426400 3.623300 1.978600 0.009500 0.999955 0.000500 0.876700 0.864500 1 1 1.000000
  1 -1.415900 4.849400 0.574700 0.009500 0.999955 0.000500 0.987400 0.539100 1 1 1.000000
HGP_Side1
  2 1.436000 3.618700 1.976700 0.009500 0.999955 0.000500 0.878800 0.869300 1 2 1.000000
  2 1.446200 4.845500 0.548000 0.009500 0.999955 0.000500 0.989500 0.538200 1 2 1.000000
  0 0.618700 2.029600 0.639700 0.009500 0.999955 0.000500 0.734500 0.558300 1 0 1.000000
HGP_Side1
  2 1.446200 4.845500 0.548000 0.009500 0.999955 0.000500 0.989500 0.538200 1 2 1.000000
  2 1.436000 3.618700 1.976700 0.009500 0.999955 0.000500 0.878800 0.869300 1 2 1.000000
  0 0.618700 2.029600 0.639700 0.009500 0.999955 0.000500 0.734500 0.558300 1 0 1.000000
end
