// Created by Crowbar 0.72
version 1
nodes
  0 "Line01" -1
  1 "GeoSphere01" -1
  2 "Cylinder01" -1
  3 "Line02" -1
  4 "Sphere01" -1
  5 "Box01" -1
  6 "Rectangle01" -1
end
skeleton
  time 0
    0 0.482152 0.817750 0.000000 0.000000 0.000000 0.000000
    1 -0.179419 2.088682 15.494163 0.000000 0.540778 0.000000
    2 0.239098 2.263609 2.194739 1.500222 0.000000 0.000000
    3 -0.357958 -1.587536 1.805740 0.000000 0.000000 -0.191889
    4 -0.932320 0.441989 1.898187 1.554879 1.179949 -1.405210
    5 1.204594 0.037414 0.000000 3.141592 0.000000 -1.099000
    6 -0.160960 -0.107344 0.108126 0.000000 0.000000 -0.523333
end
triangles
bread
  3 -2.807640 0.465240 1.194240 0.022401 0.003700 0.999742 0.139100 0.647300 1 3 1.000000
  3 -2.666400 -1.204080 1.194600 0.022401 0.003900 0.999741 0.153600 0.445300 1 3 1.000000
  3 -0.160440 -0.698040 1.187880 0.022101 0.003800 0.999748 0.485400 0.512600 1 3 1.000000
bread
  3 -3.613080 0.932280 1.196040 0.022401 0.003700 0.999742 0.034000 0.701900 1 3 1.000000
  3 -2.807640 0.465240 1.194240 0.022401 0.003700 0.999742 0.139100 0.647300 1 3 1.000000
  3 -3.883440 1.595520 1.196520 0.022401 0.003700 0.999742 0.000000 0.781600 1 3 1.000000
bread
  3 -2.807640 0.465240 1.194240 0.022401 0.003700 0.999742 0.139100 0.647300 1 3 1.000000
  3 -3.083400 2.650920 1.194000 0.022301 0.003600 0.999745 0.108000 0.911400 1 3 1.000000
  3 -3.883440 1.595520 1.196520 0.022401 0.003700 0.999742 0.000000 0.781600 1 3 1.000000
bread
  3 -2.807640 0.465240 1.194240 0.022401 0.003700 0.999742 0.139100 0.647300 1 3 1.000000
  3 -0.658320 3.333840 1.187520 0.022201 0.003600 0.999747 0.429400 1.000000 1 3 1.000000
  3 -3.083400 2.650920 1.194000 0.022301 0.003600 0.999745 0.108000 0.911400 1 3 1.000000
bread
  3 -2.807640 0.465240 1.194240 0.022401 0.003700 0.999742 0.139100 0.647300 1 3 1.000000
  3 -0.160440 -0.698040 1.187880 0.022101 0.003800 0.999748 0.485400 0.512600 1 3 1.000000
  3 -0.658320 3.333840 1.187520 0.022201 0.003600 0.999747 0.429400 1.000000 1 3 1.000000
bread
  3 -0.160440 -0.698040 1.187880 0.022101 0.003800 0.999748 0.485400 0.512600 1 3 1.000000
  3 2.262720 3.011880 1.180200 0.021399 0.003700 0.999764 0.813800 0.967900 1 3 1.000000
  3 -0.658320 3.333840 1.187520 0.022201 0.003600 0.999747 0.429400 1.000000 1 3 1.000000
bread
  3 -0.160440 -0.698040 1.187880 0.022101 0.003800 0.999748 0.485400 0.512600 1 3 1.000000
  3 3.197040 0.559920 1.178880 0.021399 0.003900 0.999763 0.931200 0.672800 1 3 1.000000
  3 2.262720 3.011880 1.180200 0.021399 0.003700 0.999764 0.813800 0.967900 1 3 1.000000
bread
  3 3.197040 0.559920 1.178880 0.021399 0.003900 0.999763 0.931200 0.672800 1 3 1.000000
  3 3.443880 0.797040 1.178280 0.021099 0.003600 0.999771 0.964300 0.702100 1 3 1.000000
  3 2.262720 3.011880 1.180200 0.021399 0.003700 0.999764 0.813800 0.967900 1 3 1.000000
bread
  3 3.443880 0.797040 1.178280 0.021099 0.003600 0.999771 0.964300 0.702100 1 3 1.000000
  3 3.629160 1.235880 1.177560 0.021199 0.003600 0.999769 0.989800 0.755700 1 3 1.000000
  3 2.262720 3.011880 1.180200 0.021399 0.003700 0.999764 0.813800 0.967900 1 3 1.000000
bread
  3 3.629160 1.235880 1.177560 0.021199 0.003600 0.999769 0.989800 0.755700 1 3 1.000000
  3 3.691440 2.077920 1.177080 0.021199 0.003700 0.999768 1.000000 0.857900 1 3 1.000000
  3 2.262720 3.011880 1.180200 0.021399 0.003700 0.999764 0.813800 0.967900 1 3 1.000000
bread
  3 0.022200 -4.479240 1.189320 0.021901 0.005900 0.999743 0.499800 0.055000 1 3 1.000000
  3 -2.487840 -4.763279 1.195920 0.022100 0.008300 0.999721 0.168000 0.014600 1 3 1.000000
  3 2.963040 -4.987920 1.182240 0.021599 0.005800 0.999750 0.886400 0.000000 1 3 1.000000
bread
  3 0.753600 -2.715600 1.186440 0.021699 0.004300 0.999755 0.600800 0.270400 1 3 1.000000
  3 0.022200 -4.479240 1.189320 0.021901 0.005900 0.999743 0.499800 0.055000 1 3 1.000000
  3 2.963040 -4.987920 1.182240 0.021599 0.005800 0.999750 0.886400 0.000000 1 3 1.000000
bread
  3 0.753600 -2.715600 1.186440 0.021699 0.004300 0.999755 0.600800 0.270400 1 3 1.000000
  3 2.963040 -4.987920 1.182240 0.021599 0.005800 0.999750 0.886400 0.000000 1 3 1.000000
  3 3.197040 0.559920 1.178880 0.021399 0.003900 0.999763 0.931200 0.672800 1 3 1.000000
bread
  3 -0.160440 -0.698040 1.187880 0.022101 0.003800 0.999748 0.485400 0.512600 1 3 1.000000
  3 0.753600 -2.715600 1.186440 0.021699 0.004300 0.999755 0.600800 0.270400 1 3 1.000000
  3 3.197040 0.559920 1.178880 0.021399 0.003900 0.999763 0.931200 0.672800 1 3 1.000000
bread
  3 -0.160440 -0.698040 1.187880 0.022101 0.003800 0.999748 0.485400 0.512600 1 3 1.000000
  3 -1.005720 -2.236920 1.190760 0.022201 0.004100 0.999745 0.370000 0.324200 1 3 1.000000
  3 0.753600 -2.715600 1.186440 0.021699 0.004300 0.999755 0.600800 0.270400 1 3 1.000000
bread
  3 0.753600 -2.715600 1.186440 0.021699 0.004300 0.999755 0.600800 0.270400 1 3 1.000000
  3 -0.653760 -3.466080 1.190520 0.022101 0.004500 0.999745 0.413200 0.176100 1 3 1.000000
  3 0.022200 -4.479240 1.189320 0.021901 0.005900 0.999743 0.499800 0.055000 1 3 1.000000
bread
  3 -2.679720 0.551400 -0.005760 -0.022401 -0.003700 -0.999742 0.139100 0.647300 1 3 1.000000
  3 -0.032520 -0.611760 -0.012120 -0.022101 -0.003800 -0.999748 0.485400 0.512600 1 3 1.000000
  3 -2.538480 -1.117920 -0.005400 -0.022401 -0.003900 -0.999741 0.153600 0.445300 1 3 1.000000
bread
  3 -0.032520 -0.611760 -0.012120 -0.022101 -0.003800 -0.999748 0.485400 0.512600 1 3 1.000000
  3 -0.530520 3.420120 -0.012480 -0.022201 -0.003600 -0.999747 0.429400 1.000000 1 3 1.000000
  3 2.390520 3.098160 -0.019800 -0.021399 -0.003700 -0.999764 0.813800 0.967900 1 3 1.000000
bread
  3 -2.679720 0.551400 -0.005760 -0.022401 -0.003700 -0.999742 0.139100 0.647300 1 3 1.000000
  3 -0.530520 3.420120 -0.012480 -0.022201 -0.003600 -0.999747 0.429400 1.000000 1 3 1.000000
  3 -0.032520 -0.611760 -0.012120 -0.022101 -0.003800 -0.999748 0.485400 0.512600 1 3 1.000000
bread
  3 -2.679720 0.551400 -0.005760 -0.022401 -0.003700 -0.999742 0.139100 0.647300 1 3 1.000000
  3 -2.955480 2.736960 -0.006000 -0.022301 -0.003600 -0.999745 0.108000 0.911400 1 3 1.000000
  3 -0.530520 3.420120 -0.012480 -0.022201 -0.003600 -0.999747 0.429400 1.000000 1 3 1.000000
bread
  3 -2.679720 0.551400 -0.005760 -0.022401 -0.003700 -0.999742 0.139100 0.647300 1 3 1.000000
  3 -3.755640 1.681560 -0.003480 -0.022401 -0.003700 -0.999742 0.000000 0.781600 1 3 1.000000
  3 -2.955480 2.736960 -0.006000 -0.022301 -0.003600 -0.999745 0.108000 0.911400 1 3 1.000000
bread
  3 -3.485160 1.018320 -0.003960 -0.022401 -0.003700 -0.999742 0.034000 0.701900 1 3 1.000000
  3 -3.755640 1.681560 -0.003480 -0.022401 -0.003700 -0.999742 0.000000 0.781600 1 3 1.000000
  3 -2.679720 0.551400 -0.005760 -0.022401 -0.003700 -0.999742 0.139100 0.647300 1 3 1.000000
bread
  3 3.756960 1.322040 -0.022440 -0.021199 -0.003600 -0.999769 0.989800 0.755700 1 3 1.000000
  3 2.390520 3.098160 -0.019800 -0.021399 -0.003700 -0.999764 0.813800 0.967900 1 3 1.000000
  3 3.819240 2.164200 -0.022920 -0.021199 -0.003700 -0.999768 1.000000 0.857900 1 3 1.000000
bread
  3 3.571680 0.883320 -0.021720 -0.021099 -0.003600 -0.999771 0.964300 0.702100 1 3 1.000000
  3 2.390520 3.098160 -0.019800 -0.021399 -0.003700 -0.999764 0.813800 0.967900 1 3 1.000000
  3 3.756960 1.322040 -0.022440 -0.021199 -0.003600 -0.999769 0.989800 0.755700 1 3 1.000000
bread
  3 3.324840 0.646080 -0.021120 -0.021399 -0.003900 -0.999763 0.931200 0.672800 1 3 1.000000
  3 2.390520 3.098160 -0.019800 -0.021399 -0.003700 -0.999764 0.813800 0.967900 1 3 1.000000
  3 3.571680 0.883320 -0.021720 -0.021099 -0.003600 -0.999771 0.964300 0.702100 1 3 1.000000
bread
  3 -0.032520 -0.611760 -0.012120 -0.022101 -0.003800 -0.999748 0.485400 0.512600 1 3 1.000000
  3 2.390520 3.098160 -0.019800 -0.021399 -0.003700 -0.999764 0.813800 0.967900 1 3 1.000000
  3 3.324840 0.646080 -0.021120 -0.021399 -0.003900 -0.999763 0.931200 0.672800 1 3 1.000000
bread
  3 -0.032520 -0.611760 -0.012120 -0.022101 -0.003800 -0.999748 0.485400 0.512600 1 3 1.000000
  3 3.324840 0.646080 -0.021120 -0.021399 -0.003900 -0.999763 0.931200 0.672800 1 3 1.000000
  3 0.881400 -2.629320 -0.013560 -0.021699 -0.004300 -0.999755 0.600800 0.270400 1 3 1.000000
bread
  3 -0.032520 -0.611760 -0.012120 -0.022101 -0.003800 -0.999748 0.485400 0.512600 1 3 1.000000
  3 0.881400 -2.629320 -0.013560 -0.021699 -0.004300 -0.999755 0.600800 0.270400 1 3 1.000000
  3 -0.877920 -2.150640 -0.009240 -0.022201 -0.004100 -0.999745 0.370000 0.324200 1 3 1.000000
bread
  3 0.881400 -2.629320 -0.013560 -0.021699 -0.004300 -0.999755 0.600800 0.270400 1 3 1.000000
  3 0.149880 -4.392960 -0.010680 -0.021901 -0.005900 -0.999743 0.499800 0.055000 1 3 1.000000
  3 -0.525960 -3.379800 -0.009480 -0.022101 -0.004500 -0.999745 0.413200 0.176100 1 3 1.000000
bread
  3 0.149880 -4.392960 -0.010680 -0.021901 -0.005900 -0.999743 0.499800 0.055000 1 3 1.000000
  3 3.090719 -4.901760 -0.017760 -0.021599 -0.005800 -0.999750 0.886400 0.000000 1 3 1.000000
  3 -2.360160 -4.677000 -0.004080 -0.022100 -0.008300 -0.999721 0.168000 0.014600 1 3 1.000000
bread
  3 0.881400 -2.629320 -0.013560 -0.021699 -0.004300 -0.999755 0.600800 0.270400 1 3 1.000000
  3 3.090719 -4.901760 -0.017760 -0.021599 -0.005800 -0.999750 0.886400 0.000000 1 3 1.000000
  3 0.149880 -4.392960 -0.010680 -0.021901 -0.005900 -0.999743 0.499800 0.055000 1 3 1.000000
bread
  3 0.881400 -2.629320 -0.013560 -0.021699 -0.004300 -0.999755 0.600800 0.270400 1 3 1.000000
  3 3.324840 0.646080 -0.021120 -0.021399 -0.003900 -0.999763 0.931200 0.672800 1 3 1.000000
  3 3.090719 -4.901760 -0.017760 -0.021599 -0.005800 -0.999750 0.886400 0.000000 1 3 1.000000
bread
  3 -2.031360 2.954880 1.458720 0.134902 0.694113 -0.707113 0.225200 0.310000 1 3 1.000000
  3 1.986000 2.726279 1.529400 0.088205 0.954156 0.286017 0.593500 1.000000 1 3 1.000000
  3 -3.469920 2.779320 1.451280 0.056302 0.832128 -0.551718 0.202400 0.054700 1 3 1.000000
bread
  3 -2.031360 2.954880 1.458720 0.134902 0.694113 -0.707113 0.225200 0.310000 1 3 1.000000
  3 -2.678880 3.335880 1.423440 0.981646 -0.190709 0.000000 0.020100 0.209700 1 3 1.000000
  3 -3.469920 2.779320 1.451280 0.056302 0.832128 -0.551718 0.202400 0.054700 1 3 1.000000
bread
  3 -2.031360 2.954880 1.458720 0.134902 0.694113 -0.707113 0.225200 0.310000 1 3 1.000000
  3 -3.469920 2.779320 1.451280 0.056302 0.832128 -0.551718 0.202400 0.054700 1 3 1.000000
  3 -2.678880 3.335880 1.423440 0.981646 -0.190709 0.000000 0.020100 0.209700 1 3 1.000000
bread
  3 -2.031360 2.954880 1.458720 0.134902 0.694113 -0.707113 0.225200 0.310000 1 3 1.000000
  3 -3.469920 2.779320 1.451280 0.056302 0.832128 -0.551718 0.202400 0.054700 1 3 1.000000
  3 1.986000 2.726279 1.529400 0.088205 0.954156 0.286017 0.593500 1.000000 1 3 1.000000
bread
  3 -3.469920 2.779320 1.451280 0.056302 0.832128 -0.551718 0.202400 0.054700 1 3 1.000000
  3 1.612200 1.707000 1.594920 0.085302 0.439011 -0.894423 1.000000 0.902700 1 3 1.000000
  3 1.986000 2.726279 1.529400 0.088205 0.954156 0.286017 0.593500 1.000000 1 3 1.000000
bread
  3 -3.469920 2.779320 1.451280 0.056302 0.832128 -0.551718 0.202400 0.054700 1 3 1.000000
  3 1.986000 2.726279 1.529400 0.088205 0.954156 0.286017 0.593500 1.000000 1 3 1.000000
  3 1.612200 1.707000 1.594920 0.085302 0.439011 -0.894423 1.000000 0.902700 1 3 1.000000
bread
  3 -3.469920 2.779320 1.451280 0.056302 0.832128 -0.551718 0.202400 0.054700 1 3 1.000000
  3 1.612200 1.707000 1.594920 0.085302 0.439011 -0.894423 1.000000 0.902700 1 3 1.000000
  3 -3.487920 1.162200 1.563000 0.981646 -0.190709 0.000000 0.886100 0.000000 1 3 1.000000
bread
  3 -3.469920 2.779320 1.451280 0.056302 0.832128 -0.551718 0.202400 0.054700 1 3 1.000000
  3 -3.487920 1.162200 1.563000 0.981646 -0.190709 0.000000 0.886100 0.000000 1 3 1.000000
  3 1.612200 1.707000 1.594920 0.085302 0.439011 -0.894423 1.000000 0.902700 1 3 1.000000
bread
  3 -0.681360 3.248760 1.456680 0.107096 0.980664 0.163794 0.191800 0.553700 1 3 1.000000
  3 1.986000 2.726279 1.529400 0.088205 0.954156 0.286017 0.593500 1.000000 1 3 1.000000
  3 -0.857400 3.141959 1.461720 0.331994 0.890085 -0.312295 0.225200 0.519700 1 3 1.000000
bread
  3 -0.470760 3.479160 1.443600 0.292017 0.782847 -0.549433 0.108400 0.597600 1 3 1.000000
  3 1.257600 3.719160 1.450560 0.111697 0.145197 0.983078 0.123500 0.905100 1 3 1.000000
  3 -0.242880 3.771480 1.426440 0.190709 0.981646 0.000000 0.000000 0.646400 1 3 1.000000
bread
  3 -0.470760 3.479160 1.443600 0.292017 0.782847 -0.549433 0.108400 0.597600 1 3 1.000000
  3 -0.681360 3.248760 1.456680 0.107096 0.980664 0.163794 0.191800 0.553700 1 3 1.000000
  3 1.257600 3.719160 1.450560 0.111697 0.145197 0.983078 0.123500 0.905100 1 3 1.000000
bread
  3 -0.681360 3.248760 1.456680 0.107096 0.980664 0.163794 0.191800 0.553700 1 3 1.000000
  3 1.986000 2.726279 1.529400 0.088205 0.954156 0.286017 0.593500 1.000000 1 3 1.000000
  3 1.257600 3.719160 1.450560 0.111697 0.145197 0.983078 0.123500 0.905100 1 3 1.000000
bread
  3 -0.681360 3.248760 1.456680 0.107096 0.980664 0.163794 0.191800 0.553700 1 3 1.000000
  3 -0.857400 3.141959 1.461720 0.331994 0.890085 -0.312295 0.225200 0.519700 1 3 1.000000
  3 1.986000 2.726279 1.529400 0.088205 0.954156 0.286017 0.593500 1.000000 1 3 1.000000
bread
  3 -0.857400 3.141959 1.461720 0.331994 0.890085 -0.312295 0.225200 0.519700 1 3 1.000000
  3 -2.031360 2.954880 1.458720 0.134902 0.694113 -0.707113 0.225200 0.310000 1 3 1.000000
  3 1.986000 2.726279 1.529400 0.088205 0.954156 0.286017 0.593500 1.000000 1 3 1.000000
bread
  3 -0.857400 3.141959 1.461720 0.331994 0.890085 -0.312295 0.225200 0.519700 1 3 1.000000
  3 1.986000 2.726279 1.529400 0.088205 0.954156 0.286017 0.593500 1.000000 1 3 1.000000
  3 -2.031360 2.954880 1.458720 0.134902 0.694113 -0.707113 0.225200 0.310000 1 3 1.000000
bread
  3 -0.470760 3.479160 1.443600 0.292017 0.782847 -0.549433 0.108400 0.597600 1 3 1.000000
  3 -0.242880 3.771480 1.426440 0.190709 0.981646 0.000000 0.000000 0.646400 1 3 1.000000
  3 1.257600 3.719160 1.450560 0.111697 0.145197 0.983078 0.123500 0.905100 1 3 1.000000
bread
  3 -0.470760 3.479160 1.443600 0.292017 0.782847 -0.549433 0.108400 0.597600 1 3 1.000000
  3 1.257600 3.719160 1.450560 0.111697 0.145197 0.983078 0.123500 0.905100 1 3 1.000000
  3 -0.681360 3.248760 1.456680 0.107096 0.980664 0.163794 0.191800 0.553700 1 3 1.000000
bread
  3 -0.681360 3.248760 1.456680 0.107096 0.980664 0.163794 0.191800 0.553700 1 3 1.000000
  3 1.257600 3.719160 1.450560 0.111697 0.145197 0.983078 0.123500 0.905100 1 3 1.000000
  3 1.986000 2.726279 1.529400 0.088205 0.954156 0.286017 0.593500 1.000000 1 3 1.000000
bread
  3 0.350280 -2.998440 2.993040 0.021799 0.004400 0.999753 0.600800 0.270400 1 3 1.000000
  3 -1.182720 -3.456600 2.997120 0.022301 0.004500 0.999741 0.413200 0.176100 1 3 1.000000
  3 -0.704520 -4.574759 2.996520 0.022301 0.005700 0.999735 0.499800 0.055000 1 3 1.000000
bread
  3 -0.174480 -0.855600 2.993280 0.021999 0.003800 0.999751 0.485400 0.512600 1 3 1.000000
  3 -1.299840 -2.190960 2.996880 0.022301 0.004100 0.999743 0.370000 0.324200 1 3 1.000000
  3 0.350280 -2.998440 2.993040 0.021799 0.004400 0.999753 0.600800 0.270400 1 3 1.000000
bread
  3 -2.573760 0.790680 2.998800 0.022301 0.003600 0.999745 0.139100 0.647300 1 3 1.000000
  3 -2.748240 -0.862920 3.000000 0.022401 0.003800 0.999742 0.153600 0.445300 1 3 1.000000
  3 -0.174480 -0.855600 2.993280 0.021999 0.003800 0.999751 0.485400 0.512600 1 3 1.000000
bread
  3 -3.282480 1.401840 3.000360 0.022401 0.003600 0.999742 0.034000 0.701900 1 3 1.000000
  3 -2.573760 0.790680 2.998800 0.022301 0.003600 0.999745 0.139100 0.647300 1 3 1.000000
  3 -3.424920 2.100360 3.000480 0.022301 0.003600 0.999745 0.000000 0.781600 1 3 1.000000
bread
  3 -2.573760 0.790680 2.998800 0.022301 0.003600 0.999745 0.139100 0.647300 1 3 1.000000
  3 -2.434920 2.973599 2.997480 0.022301 0.003600 0.999745 0.108000 0.911400 1 3 1.000000
  3 -3.424920 2.100360 3.000480 0.022301 0.003600 0.999745 0.000000 0.781600 1 3 1.000000
bread
  3 -2.573760 0.790680 2.998800 0.022301 0.003600 0.999745 0.139100 0.647300 1 3 1.000000
  3 0.091560 3.169440 2.991000 0.022101 0.003600 0.999749 0.429400 1.000000 1 3 1.000000
  3 -2.434920 2.973599 2.997480 0.022301 0.003600 0.999745 0.108000 0.911400 1 3 1.000000
bread
  3 -2.573760 0.790680 2.998800 0.022301 0.003600 0.999745 0.139100 0.647300 1 3 1.000000
  3 -0.174480 -0.855600 2.993280 0.021999 0.003800 0.999751 0.485400 0.512600 1 3 1.000000
  3 0.091560 3.169440 2.991000 0.022101 0.003600 0.999749 0.429400 1.000000 1 3 1.000000
bread
  3 -0.174480 -0.855600 2.993280 0.021999 0.003800 0.999751 0.485400 0.512600 1 3 1.000000
  3 2.919240 2.290920 2.984280 0.021199 0.003700 0.999768 0.813800 0.967900 1 3 1.000000
  3 0.091560 3.169440 2.991000 0.022101 0.003600 0.999749 0.429400 1.000000 1 3 1.000000
bread
  3 -0.174480 -0.855600 2.993280 0.021999 0.003800 0.999751 0.485400 0.512600 1 3 1.000000
  3 3.382080 -0.279600 2.984280 0.021299 0.004000 0.999765 0.931200 0.672800 1 3 1.000000
  3 2.919240 2.290920 2.984280 0.021199 0.003700 0.999768 0.813800 0.967900 1 3 1.000000
bread
  3 -0.174480 -0.855600 2.993280 0.021999 0.003800 0.999751 0.485400 0.512600 1 3 1.000000
  3 0.350280 -2.998440 2.993040 0.021799 0.004400 0.999753 0.600800 0.270400 1 3 1.000000
  3 3.382080 -0.279600 2.984280 0.021299 0.004000 0.999765 0.931200 0.672800 1 3 1.000000
bread
  3 0.350280 -2.998440 2.993040 0.021799 0.004400 0.999753 0.600800 0.270400 1 3 1.000000
  3 2.108040 -5.640840 2.990040 0.021901 0.005600 0.999744 0.886400 0.000000 1 3 1.000000
  3 3.382080 -0.279600 2.984280 0.021299 0.004000 0.999765 0.931200 0.672800 1 3 1.000000
bread
  3 0.350280 -2.998440 2.993040 0.021799 0.004400 0.999753 0.600800 0.270400 1 3 1.000000
  3 -0.704520 -4.574759 2.996520 0.022301 0.005700 0.999735 0.499800 0.055000 1 3 1.000000
  3 2.108040 -5.640840 2.990040 0.021901 0.005600 0.999744 0.886400 0.000000 1 3 1.000000
bread
  3 -0.704520 -4.574759 2.996520 0.022301 0.005700 0.999735 0.499800 0.055000 1 3 1.000000
  3 -3.240600 -4.364760 3.003000 0.022800 0.007600 0.999711 0.168000 0.014600 1 3 1.000000
  3 2.108040 -5.640840 2.990040 0.021901 0.005600 0.999744 0.886400 0.000000 1 3 1.000000
bread
  3 3.382080 -0.279600 2.984280 0.021299 0.004000 0.999765 0.931200 0.672800 1 3 1.000000
  3 3.670680 -0.096120 2.983440 0.020899 0.003700 0.999775 0.964300 0.702100 1 3 1.000000
  3 2.919240 2.290920 2.984280 0.021199 0.003700 0.999768 0.813800 0.967900 1 3 1.000000
bread
  3 3.670680 -0.096120 2.983440 0.020899 0.003700 0.999775 0.964300 0.702100 1 3 1.000000
  3 3.936240 0.295800 2.982600 0.020899 0.003700 0.999775 0.989800 0.755700 1 3 1.000000
  3 2.919240 2.290920 2.984280 0.021199 0.003700 0.999768 0.813800 0.967900 1 3 1.000000
bread
  3 3.936240 0.295800 2.982600 0.020899 0.003700 0.999775 0.989800 0.755700 1 3 1.000000
  3 4.156080 1.104480 2.981760 0.020899 0.003700 0.999775 1.000000 0.857900 1 3 1.000000
  3 2.919240 2.290920 2.984280 0.021199 0.003700 0.999768 0.813800 0.967900 1 3 1.000000
bread
  3 2.194920 -5.582640 1.790040 0.972906 -0.231101 0.006800 0.886400 0.000000 1 3 1.000000
  3 3.382080 -0.279600 2.984280 0.972906 -0.231101 0.006800 0.931200 0.672800 1 3 1.000000
  3 2.108040 -5.640840 2.990040 0.972906 -0.231101 0.006800 0.886400 0.000000 1 3 1.000000
bread
  3 2.194920 -5.582640 1.790040 0.972906 -0.231101 0.006800 0.886400 0.000000 1 3 1.000000
  3 3.468480 -0.221400 1.784280 0.972928 -0.231007 0.006800 0.931200 0.672800 1 3 1.000000
  3 3.382080 -0.279600 2.984280 0.972906 -0.231101 0.006800 0.931200 0.672800 1 3 1.000000
bread
  3 -3.153600 -4.306200 1.803000 -0.232209 -0.972638 -0.007400 0.168000 0.014600 1 3 1.000000
  3 2.108040 -5.640840 2.990040 -0.232209 -0.972638 -0.007400 0.886400 0.000000 1 3 1.000000
  3 -3.240600 -4.364760 3.003000 -0.232209 -0.972638 -0.007400 0.168000 0.014600 1 3 1.000000
bread
  3 -3.153600 -4.306200 1.803000 -0.232209 -0.972638 -0.007400 0.168000 0.014600 1 3 1.000000
  3 2.194920 -5.582640 1.790040 -0.232304 -0.972615 -0.007400 0.886400 0.000000 1 3 1.000000
  3 2.108040 -5.640840 2.990040 -0.232209 -0.972638 -0.007400 0.886400 0.000000 1 3 1.000000
bread
  3 0.149880 -4.392960 -0.010680 -0.112295 0.993652 0.006800 0.499800 0.055000 1 3 1.000000
  3 -2.487840 -4.763279 1.195920 -0.112295 0.993652 0.006800 0.168000 0.014600 1 3 1.000000
  3 0.022200 -4.479240 1.189320 -0.112294 0.993651 0.006900 0.499800 0.055000 1 3 1.000000
bread
  3 0.149880 -4.392960 -0.010680 -0.112295 0.993652 0.006800 0.499800 0.055000 1 3 1.000000
  3 -2.360160 -4.677000 -0.004080 -0.112295 0.993652 0.006800 0.168000 0.014600 1 3 1.000000
  3 -2.487840 -4.763279 1.195920 -0.112295 0.993652 0.006800 0.168000 0.014600 1 3 1.000000
bread
  3 -0.525960 -3.379800 -0.009480 -0.831836 -0.554824 -0.014801 0.413200 0.176100 1 3 1.000000
  3 0.022200 -4.479240 1.189320 -0.831836 -0.554824 -0.014801 0.499800 0.055000 1 3 1.000000
  3 -0.653760 -3.466080 1.190520 -0.831836 -0.554824 -0.014801 0.413200 0.176100 1 3 1.000000
bread
  3 -0.525960 -3.379800 -0.009480 -0.831836 -0.554824 -0.014801 0.413200 0.176100 1 3 1.000000
  3 0.149880 -4.392960 -0.010680 -0.831867 -0.554778 -0.014799 0.499800 0.055000 1 3 1.000000
  3 0.022200 -4.479240 1.189320 -0.831836 -0.554824 -0.014801 0.499800 0.055000 1 3 1.000000
bread
  3 0.881400 -2.629320 -0.013560 -0.470499 0.882399 0.001500 0.600800 0.270400 1 3 1.000000
  3 -0.653760 -3.466080 1.190520 -0.470499 0.882399 0.001500 0.413200 0.176100 1 3 1.000000
  3 0.753600 -2.715600 1.186440 -0.470499 0.882399 0.001500 0.600800 0.270400 1 3 1.000000
bread
  3 0.881400 -2.629320 -0.013560 -0.470499 0.882399 0.001500 0.600800 0.270400 1 3 1.000000
  3 -0.525960 -3.379800 -0.009480 -0.470499 0.882399 0.001500 0.413200 0.176100 1 3 1.000000
  3 -0.653760 -3.466080 1.190520 -0.470499 0.882399 0.001500 0.413200 0.176100 1 3 1.000000
bread
  3 -0.877920 -2.150640 -0.009240 -0.262796 -0.964786 -0.011200 0.370000 0.324200 1 3 1.000000
  3 0.753600 -2.715600 1.186440 -0.262796 -0.964786 -0.011200 0.600800 0.270400 1 3 1.000000
  3 -1.005720 -2.236920 1.190760 -0.262796 -0.964786 -0.011200 0.370000 0.324200 1 3 1.000000
bread
  3 -0.877920 -2.150640 -0.009240 -0.262796 -0.964786 -0.011200 0.370000 0.324200 1 3 1.000000
  3 0.881400 -2.629320 -0.013560 -0.262796 -0.964786 -0.011200 0.600800 0.270400 1 3 1.000000
  3 0.753600 -2.715600 1.186440 -0.262796 -0.964786 -0.011200 0.600800 0.270400 1 3 1.000000
bread
  3 -0.032520 -0.611760 -0.012120 -0.876480 0.481389 -0.006800 0.485400 0.512600 1 3 1.000000
  3 -1.005720 -2.236920 1.190760 -0.876480 0.481389 -0.006800 0.370000 0.324200 1 3 1.000000
  3 -0.160440 -0.698040 1.187880 -0.876480 0.481389 -0.006800 0.485400 0.512600 1 3 1.000000
bread
  3 -0.032520 -0.611760 -0.012120 -0.876480 0.481389 -0.006800 0.485400 0.512600 1 3 1.000000
  3 -0.877920 -2.150640 -0.009240 -0.876480 0.481389 -0.006800 0.370000 0.324200 1 3 1.000000
  3 -1.005720 -2.236920 1.190760 -0.876480 0.481389 -0.006800 0.370000 0.324200 1 3 1.000000
bread
  3 -2.538480 -1.117920 -0.005400 0.197901 -0.980205 -0.005700 0.153600 0.445300 1 3 1.000000
  3 -0.160440 -0.698040 1.187880 0.197901 -0.980205 -0.005700 0.485400 0.512600 1 3 1.000000
  3 -2.666400 -1.204080 1.194600 0.197805 -0.980225 -0.005700 0.153600 0.445300 1 3 1.000000
bread
  3 -2.538480 -1.117920 -0.005400 0.197901 -0.980205 -0.005700 0.153600 0.445300 1 3 1.000000
  3 -0.032520 -0.611760 -0.012120 0.197901 -0.980205 -0.005700 0.485400 0.512600 1 3 1.000000
  3 -0.160440 -0.698040 1.187880 0.197901 -0.980205 -0.005700 0.485400 0.512600 1 3 1.000000
bread
  3 -2.679720 0.551400 -0.005760 -0.996357 -0.084296 -0.012899 0.139100 0.647300 1 3 1.000000
  3 -2.666400 -1.204080 1.194600 -0.996357 -0.084296 -0.012899 0.153600 0.445300 1 3 1.000000
  3 -2.807640 0.465240 1.194240 -0.996357 -0.084296 -0.012899 0.139100 0.647300 1 3 1.000000
bread
  3 -2.679720 0.551400 -0.005760 -0.996357 -0.084296 -0.012899 0.139100 0.647300 1 3 1.000000
  3 -2.538480 -1.117920 -0.005400 -0.996357 -0.084296 -0.012899 0.153600 0.445300 1 3 1.000000
  3 -2.666400 -1.204080 1.194600 -0.996357 -0.084296 -0.012899 0.153600 0.445300 1 3 1.000000
bread
  3 3.090719 -4.901760 -0.017760 0.999042 -0.042102 0.011901 0.886400 0.000000 1 3 1.000000
  3 3.197040 0.559920 1.178880 0.999042 -0.042102 0.011901 0.931200 0.672800 1 3 1.000000
  3 2.963040 -4.987920 1.182240 0.999042 -0.042102 0.011901 0.886400 0.000000 1 3 1.000000
bread
  3 3.090719 -4.901760 -0.017760 0.999042 -0.042102 0.011901 0.886400 0.000000 1 3 1.000000
  3 3.324840 0.646080 -0.021120 0.999042 -0.042102 0.011901 0.931200 0.672800 1 3 1.000000
  3 3.197040 0.559920 1.178880 0.999042 -0.042102 0.011901 0.931200 0.672800 1 3 1.000000
bread
  3 -2.360160 -4.677000 -0.004080 -0.041400 -0.999104 -0.008800 0.168000 0.014600 1 3 1.000000
  3 2.963040 -4.987920 1.182240 -0.041400 -0.999104 -0.008800 0.886400 0.000000 1 3 1.000000
  3 -2.487840 -4.763279 1.195920 -0.041400 -0.999104 -0.008800 0.168000 0.014600 1 3 1.000000
bread
  3 -2.360160 -4.677000 -0.004080 -0.041400 -0.999104 -0.008800 0.168000 0.014600 1 3 1.000000
  3 3.090719 -4.901760 -0.017760 -0.041400 -0.999104 -0.008800 0.886400 0.000000 1 3 1.000000
  3 2.963040 -4.987920 1.182240 -0.041400 -0.999104 -0.008800 0.886400 0.000000 1 3 1.000000
bread
  3 -0.617640 -4.516320 1.796520 0.082696 0.996555 0.006300 0.499800 0.055000 1 3 1.000000
  3 -3.240600 -4.364760 3.003000 0.082696 0.996555 0.006300 0.168000 0.014600 1 3 1.000000
  3 -0.704520 -4.574759 2.996520 0.082597 0.996563 0.006300 0.499800 0.055000 1 3 1.000000
bread
  3 -0.617640 -4.516320 1.796520 0.082696 0.996555 0.006300 0.499800 0.055000 1 3 1.000000
  3 -3.153600 -4.306200 1.803000 0.082696 0.996555 0.006300 0.168000 0.014600 1 3 1.000000
  3 -3.240600 -4.364760 3.003000 0.082696 0.996555 0.006300 0.168000 0.014600 1 3 1.000000
bread
  3 -1.095840 -3.398040 1.797120 -0.919436 -0.393115 -0.009900 0.413200 0.176100 1 3 1.000000
  3 -0.704520 -4.574759 2.996520 -0.919436 -0.393115 -0.009900 0.499800 0.055000 1 3 1.000000
  3 -1.182720 -3.456600 2.997120 -0.919436 -0.393115 -0.009900 0.413200 0.176100 1 3 1.000000
bread
  3 -1.095840 -3.398040 1.797120 -0.919436 -0.393115 -0.009900 0.413200 0.176100 1 3 1.000000
  3 -0.617640 -4.516320 1.796520 -0.919436 -0.393115 -0.009900 0.499800 0.055000 1 3 1.000000
  3 -0.704520 -4.574759 2.996520 -0.919436 -0.393115 -0.009900 0.499800 0.055000 1 3 1.000000
bread
  3 0.437160 -2.940000 1.793040 -0.286310 0.958132 0.003000 0.600800 0.270400 1 3 1.000000
  3 -1.182720 -3.456600 2.997120 -0.286310 0.958132 0.003000 0.413200 0.176100 1 3 1.000000
  3 0.350280 -2.998440 2.993040 -0.286310 0.958132 0.003000 0.600800 0.270400 1 3 1.000000
bread
  3 0.437160 -2.940000 1.793040 -0.286310 0.958132 0.003000 0.600800 0.270400 1 3 1.000000
  3 -1.095840 -3.398040 1.797120 -0.286310 0.958132 0.003000 0.413200 0.176100 1 3 1.000000
  3 -1.182720 -3.456600 2.997120 -0.286310 0.958132 0.003000 0.413200 0.176100 1 3 1.000000
bread
  3 -1.213080 -2.132400 1.796880 -0.439701 -0.898102 -0.008700 0.370000 0.324200 1 3 1.000000
  3 0.350280 -2.998440 2.993040 -0.439701 -0.898102 -0.008700 0.600800 0.270400 1 3 1.000000
  3 -1.299840 -2.190960 2.996880 -0.439620 -0.898141 -0.008700 0.370000 0.324200 1 3 1.000000
bread
  3 -1.213080 -2.132400 1.796880 -0.439701 -0.898102 -0.008700 0.370000 0.324200 1 3 1.000000
  3 0.437160 -2.940000 1.793040 -0.439701 -0.898102 -0.008700 0.600800 0.270400 1 3 1.000000
  3 0.350280 -2.998440 2.993040 -0.439701 -0.898102 -0.008700 0.600800 0.270400 1 3 1.000000
bread
  3 -0.087840 -0.797040 1.793280 -0.764690 0.644392 -0.002700 0.485400 0.512600 1 3 1.000000
  3 -1.299840 -2.190960 2.996880 -0.764690 0.644392 -0.002700 0.370000 0.324200 1 3 1.000000
  3 -0.174480 -0.855600 2.993280 -0.764690 0.644392 -0.002700 0.485400 0.512600 1 3 1.000000
bread
  3 -0.087840 -0.797040 1.793280 -0.764690 0.644392 -0.002700 0.485400 0.512600 1 3 1.000000
  3 -1.213080 -2.132400 1.796880 -0.764740 0.644333 -0.002700 0.370000 0.324200 1 3 1.000000
  3 -1.299840 -2.190960 2.996880 -0.764690 0.644392 -0.002700 0.370000 0.324200 1 3 1.000000
bread
  3 -2.661480 -0.804240 1.800000 0.002700 -0.999981 -0.005600 0.153600 0.445300 1 3 1.000000
  3 -0.174480 -0.855600 2.993280 0.002700 -0.999981 -0.005600 0.485400 0.512600 1 3 1.000000
  3 -2.748240 -0.862920 3.000000 0.002700 -0.999981 -0.005600 0.153600 0.445300 1 3 1.000000
bread
  3 -2.661480 -0.804240 1.800000 0.002700 -0.999981 -0.005600 0.153600 0.445300 1 3 1.000000
  3 -0.087840 -0.797040 1.793280 0.002700 -0.999981 -0.005600 0.485400 0.512600 1 3 1.000000
  3 -0.174480 -0.855600 2.993280 0.002700 -0.999981 -0.005600 0.485400 0.512600 1 3 1.000000
bread
  3 -2.487240 0.849480 1.798800 -0.994464 0.104796 -0.007700 0.139100 0.647300 1 3 1.000000
  3 -2.748240 -0.862920 3.000000 -0.994464 0.104796 -0.007700 0.153600 0.445300 1 3 1.000000
  3 -2.573760 0.790680 2.998800 -0.994453 0.104895 -0.007700 0.139100 0.647300 1 3 1.000000
bread
  3 -2.487240 0.849480 1.798800 -0.994464 0.104796 -0.007700 0.139100 0.647300 1 3 1.000000
  3 -2.661480 -0.804240 1.800000 -0.994464 0.104796 -0.007700 0.153600 0.445300 1 3 1.000000
  3 -2.748240 -0.862920 3.000000 -0.994464 0.104796 -0.007700 0.153600 0.445300 1 3 1.000000
bread
  3 3.324840 0.646080 -0.021120 0.692813 -0.721113 0.002500 0.931200 0.672800 1 3 1.000000
  3 3.443880 0.797040 1.178280 0.783265 -0.621672 0.004500 0.964300 0.702100 1 3 1.000000
  3 3.197040 0.559920 1.178880 0.692813 -0.721113 0.002500 0.931200 0.672800 1 3 1.000000
bread
  3 3.324840 0.646080 -0.021120 0.692813 -0.721113 0.002500 0.931200 0.672800 1 3 1.000000
  3 3.571680 0.883320 -0.021720 0.860802 -0.508901 0.006300 0.964300 0.702100 1 3 1.000000
  3 3.443880 0.797040 1.178280 0.783265 -0.621672 0.004500 0.964300 0.702100 1 3 1.000000
bread
  3 3.571680 0.883320 -0.021720 0.860802 -0.508901 0.006300 0.964300 0.702100 1 3 1.000000
  3 3.629160 1.235880 1.177560 0.957822 -0.287207 0.009400 0.989800 0.755700 1 3 1.000000
  3 3.443880 0.797040 1.178280 0.783265 -0.621672 0.004500 0.964300 0.702100 1 3 1.000000
bread
  3 3.571680 0.883320 -0.021720 0.860802 -0.508901 0.006300 0.964300 0.702100 1 3 1.000000
  3 3.756960 1.322040 -0.022440 0.983446 -0.180890 0.010599 0.989800 0.755700 1 3 1.000000
  3 3.629160 1.235880 1.177560 0.957822 -0.287207 0.009400 0.989800 0.755700 1 3 1.000000
bread
  3 3.756960 1.322040 -0.022440 0.983446 -0.180890 0.010599 0.989800 0.755700 1 3 1.000000
  3 3.691440 2.077920 1.177080 0.965019 0.261805 0.014000 1.000000 0.857900 1 3 1.000000
  3 3.629160 1.235880 1.177560 0.957822 -0.287207 0.009400 0.989800 0.755700 1 3 1.000000
bread
  3 3.756960 1.322040 -0.022440 0.983446 -0.180890 0.010599 0.989800 0.755700 1 3 1.000000
  3 3.819240 2.164200 -0.022920 0.794188 0.607491 0.014800 1.000000 0.857900 1 3 1.000000
  3 3.691440 2.077920 1.177080 0.965019 0.261805 0.014000 1.000000 0.857900 1 3 1.000000
bread
  3 3.819240 2.164200 -0.022920 0.794188 0.607491 0.014800 1.000000 0.857900 1 3 1.000000
  3 2.262720 3.011880 1.180200 0.411508 0.911319 0.012600 0.813800 0.967900 1 3 1.000000
  3 3.691440 2.077920 1.177080 0.965019 0.261805 0.014000 1.000000 0.857900 1 3 1.000000
bread
  3 3.819240 2.164200 -0.022920 0.794188 0.607491 0.014800 1.000000 0.857900 1 3 1.000000
  3 2.390520 3.098160 -0.019800 0.262001 0.965003 0.011200 0.813800 0.967900 1 3 1.000000
  3 2.262720 3.011880 1.180200 0.411508 0.911319 0.012600 0.813800 0.967900 1 3 1.000000
bread
  3 2.390520 3.098160 -0.019800 0.262001 0.965003 0.011200 0.813800 0.967900 1 3 1.000000
  3 -0.658320 3.333840 1.187520 -0.017400 0.999816 0.008100 0.429400 1.000000 1 3 1.000000
  3 2.262720 3.011880 1.180200 0.411508 0.911319 0.012600 0.813800 0.967900 1 3 1.000000
bread
  3 2.390520 3.098160 -0.019800 0.262001 0.965003 0.011200 0.813800 0.967900 1 3 1.000000
  3 -0.530520 3.420120 -0.012480 -0.146499 0.989190 0.006400 0.429400 1.000000 1 3 1.000000
  3 -0.658320 3.333840 1.187520 -0.017400 0.999816 0.008100 0.429400 1.000000 1 3 1.000000
bread
  3 -0.530520 3.420120 -0.012480 -0.146499 0.989190 0.006400 0.429400 1.000000 1 3 1.000000
  3 -3.083400 2.650920 1.194000 -0.467892 0.883784 0.001600 0.108000 0.911400 1 3 1.000000
  3 -0.658320 3.333840 1.187520 -0.017400 0.999816 0.008100 0.429400 1.000000 1 3 1.000000
bread
  3 -0.530520 3.420120 -0.012480 -0.146499 0.989190 0.006400 0.429400 1.000000 1 3 1.000000
  3 -2.955480 2.736960 -0.006000 -0.651688 0.758485 -0.001700 0.108000 0.911400 1 3 1.000000
  3 -3.083400 2.650920 1.194000 -0.467892 0.883784 0.001600 0.108000 0.911400 1 3 1.000000
bread
  3 -2.955480 2.736960 -0.006000 -0.651688 0.758485 -0.001700 0.108000 0.911400 1 3 1.000000
  3 -3.883440 1.595520 1.196520 -0.949708 0.313003 -0.009100 0.000000 0.781600 1 3 1.000000
  3 -3.083400 2.650920 1.194000 -0.467892 0.883784 0.001600 0.108000 0.911400 1 3 1.000000
bread
  3 -2.955480 2.736960 -0.006000 -0.651688 0.758485 -0.001700 0.108000 0.911400 1 3 1.000000
  3 -3.755640 1.681560 -0.003480 -0.998299 -0.056900 -0.012700 0.000000 0.781600 1 3 1.000000
  3 -3.883440 1.595520 1.196520 -0.949708 0.313003 -0.009100 0.000000 0.781600 1 3 1.000000
bread
  3 -3.755640 1.681560 -0.003480 -0.998299 -0.056900 -0.012700 0.000000 0.781600 1 3 1.000000
  3 -3.613080 0.932280 1.196040 -0.823668 -0.566878 -0.014799 0.034000 0.701900 1 3 1.000000
  3 -3.883440 1.595520 1.196520 -0.949708 0.313003 -0.009100 0.000000 0.781600 1 3 1.000000
bread
  3 -3.755640 1.681560 -0.003480 -0.998299 -0.056900 -0.012700 0.000000 0.781600 1 3 1.000000
  3 -3.485160 1.018320 -0.003960 -0.675197 -0.737497 -0.014400 0.034000 0.701900 1 3 1.000000
  3 -3.613080 0.932280 1.196040 -0.823668 -0.566878 -0.014799 0.034000 0.701900 1 3 1.000000
bread
  3 -3.485160 1.018320 -0.003960 -0.675197 -0.737497 -0.014400 0.034000 0.701900 1 3 1.000000
  3 -2.807640 0.465240 1.194240 -0.501717 -0.864929 -0.013300 0.139100 0.647300 1 3 1.000000
  3 -3.613080 0.932280 1.196040 -0.823668 -0.566878 -0.014799 0.034000 0.701900 1 3 1.000000
bread
  3 -3.485160 1.018320 -0.003960 -0.675197 -0.737497 -0.014400 0.034000 0.701900 1 3 1.000000
  3 -2.679720 0.551400 -0.005760 -0.501717 -0.864929 -0.013300 0.139100 0.647300 1 3 1.000000
  3 -2.807640 0.465240 1.194240 -0.501717 -0.864929 -0.013300 0.139100 0.647300 1 3 1.000000
bread
  3 3.468480 -0.221400 1.784280 0.536384 -0.843974 -0.000300 0.931200 0.672800 1 3 1.000000
  3 3.670680 -0.096120 2.983440 0.645480 -0.763776 0.001100 0.964300 0.702100 1 3 1.000000
  3 3.382080 -0.279600 2.984280 0.536384 -0.843974 -0.000300 0.931200 0.672800 1 3 1.000000
bread
  3 3.468480 -0.221400 1.784280 0.536384 -0.843974 -0.000300 0.931200 0.672800 1 3 1.000000
  3 3.757080 -0.038040 1.783440 0.744459 -0.667663 0.002400 0.964300 0.702100 1 3 1.000000
  3 3.670680 -0.096120 2.983440 0.645480 -0.763776 0.001100 0.964300 0.702100 1 3 1.000000
bread
  3 3.757080 -0.038040 1.783440 0.744459 -0.667663 0.002400 0.964300 0.702100 1 3 1.000000
  3 3.936240 0.295800 2.982600 0.884235 -0.467018 0.004700 0.989800 0.755700 1 3 1.000000
  3 3.670680 -0.096120 2.983440 0.645480 -0.763776 0.001100 0.964300 0.702100 1 3 1.000000
bread
  3 3.757080 -0.038040 1.783440 0.744459 -0.667663 0.002400 0.964300 0.702100 1 3 1.000000
  3 4.022640 0.353880 1.782600 0.930516 -0.366206 0.005700 0.989800 0.755700 1 3 1.000000
  3 3.936240 0.295800 2.982600 0.884235 -0.467018 0.004700 0.989800 0.755700 1 3 1.000000
bread
  3 4.022640 0.353880 1.782600 0.930516 -0.366206 0.005700 0.989800 0.755700 1 3 1.000000
  3 4.156080 1.104480 2.981760 0.997145 0.075003 0.008700 1.000000 0.857900 1 3 1.000000
  3 3.936240 0.295800 2.982600 0.884235 -0.467018 0.004700 0.989800 0.755700 1 3 1.000000
bread
  3 4.022640 0.353880 1.782600 0.930516 -0.366206 0.005700 0.989800 0.755700 1 3 1.000000
  3 4.242360 1.162680 1.781760 0.893421 0.449111 0.009900 1.000000 0.857900 1 3 1.000000
  3 4.156080 1.104480 2.981760 0.997145 0.075003 0.008700 1.000000 0.857900 1 3 1.000000
bread
  3 4.242360 1.162680 1.781760 0.893421 0.449111 0.009900 1.000000 0.857900 1 3 1.000000
  3 2.919240 2.290920 2.984280 0.574068 0.818755 0.009299 0.813800 0.967900 1 3 1.000000
  3 4.156080 1.104480 2.981760 0.997145 0.075003 0.008700 1.000000 0.857900 1 3 1.000000
bread
  3 4.242360 1.162680 1.781760 0.893421 0.449111 0.009900 1.000000 0.857900 1 3 1.000000
  3 3.005400 2.349240 1.784280 0.439098 0.898397 0.008700 0.813800 0.967900 1 3 1.000000
  3 2.919240 2.290920 2.984280 0.574068 0.818755 0.009299 0.813800 0.967900 1 3 1.000000
bread
  3 3.005400 2.349240 1.784280 0.439098 0.898397 0.008700 0.813800 0.967900 1 3 1.000000
  3 0.091560 3.169440 2.991000 0.175007 0.984542 0.007000 0.429400 1.000000 1 3 1.000000
  3 2.919240 2.290920 2.984280 0.574068 0.818755 0.009299 0.813800 0.967900 1 3 1.000000
bread
  3 3.005400 2.349240 1.784280 0.439098 0.898397 0.008700 0.813800 0.967900 1 3 1.000000
  3 0.177720 3.228120 1.791000 0.048301 0.998815 0.006000 0.429400 1.000000 1 3 1.000000
  3 0.091560 3.169440 2.991000 0.175007 0.984542 0.007000 0.429400 1.000000 1 3 1.000000
bread
  3 0.177720 3.228120 1.791000 0.048301 0.998815 0.006000 0.429400 1.000000 1 3 1.000000
  3 -2.434920 2.973599 2.997480 -0.285006 0.958521 0.003000 0.108000 0.911400 1 3 1.000000
  3 0.091560 3.169440 2.991000 0.175007 0.984542 0.007000 0.429400 1.000000 1 3 1.000000
bread
  3 0.177720 3.228120 1.791000 0.048301 0.998815 0.006000 0.429400 1.000000 1 3 1.000000
  3 -2.348640 3.032400 1.797480 -0.489112 0.872221 0.000900 0.108000 0.911400 1 3 1.000000
  3 -2.434920 2.973599 2.997480 -0.285006 0.958521 0.003000 0.108000 0.911400 1 3 1.000000
bread
  3 -2.348640 3.032400 1.797480 -0.489112 0.872221 0.000900 0.108000 0.911400 1 3 1.000000
  3 -3.424920 2.100360 3.000480 -0.870807 0.491604 -0.004400 0.000000 0.781600 1 3 1.000000
  3 -2.434920 2.973599 2.997480 -0.285006 0.958521 0.003000 0.108000 0.911400 1 3 1.000000
bread
  3 -2.348640 3.032400 1.797480 -0.489112 0.872221 0.000900 0.108000 0.911400 1 3 1.000000
  3 -3.338520 2.159160 1.800480 -0.991168 0.132396 -0.007500 0.000000 0.781600 1 3 1.000000
  3 -3.424920 2.100360 3.000480 -0.870807 0.491604 -0.004400 0.000000 0.781600 1 3 1.000000
bread
  3 -3.338520 2.159160 1.800480 -0.991168 0.132396 -0.007500 0.000000 0.781600 1 3 1.000000
  3 -3.282480 1.401840 3.000360 -0.914306 -0.404903 -0.009900 0.034000 0.701900 1 3 1.000000
  3 -3.424920 2.100360 3.000480 -0.870807 0.491604 -0.004400 0.000000 0.781600 1 3 1.000000
bread
  3 -3.338520 2.159160 1.800480 -0.991168 0.132396 -0.007500 0.000000 0.781600 1 3 1.000000
  3 -3.195960 1.460640 1.800360 -0.800008 -0.599906 -0.010000 0.034000 0.701900 1 3 1.000000
  3 -3.282480 1.401840 3.000360 -0.914306 -0.404903 -0.009900 0.034000 0.701900 1 3 1.000000
bread
  3 -3.195960 1.460640 1.800360 -0.800008 -0.599906 -0.010000 0.034000 0.701900 1 3 1.000000
  3 -2.573760 0.790680 2.998800 -0.653105 -0.757205 -0.009700 0.139100 0.647300 1 3 1.000000
  3 -3.282480 1.401840 3.000360 -0.914306 -0.404903 -0.009900 0.034000 0.701900 1 3 1.000000
bread
  3 -3.195960 1.460640 1.800360 -0.800008 -0.599906 -0.010000 0.034000 0.701900 1 3 1.000000
  3 -2.487240 0.849480 1.798800 -0.653105 -0.757205 -0.009700 0.139100 0.647300 1 3 1.000000
  3 -2.573760 0.790680 2.998800 -0.653105 -0.757205 -0.009700 0.139100 0.647300 1 3 1.000000
bread
  3 0.437160 -2.940000 1.793040 -0.021799 -0.004400 -0.999753 0.600800 0.270400 1 3 1.000000
  3 -0.617640 -4.516320 1.796520 -0.022301 -0.005700 -0.999735 0.499800 0.055000 1 3 1.000000
  3 -1.095840 -3.398040 1.797120 -0.022301 -0.004500 -0.999741 0.413200 0.176100 1 3 1.000000
bread
  3 0.437160 -2.940000 1.793040 -0.021799 -0.004400 -0.999753 0.600800 0.270400 1 3 1.000000
  3 2.194920 -5.582640 1.790040 -0.021901 -0.005600 -0.999744 0.886400 0.000000 1 3 1.000000
  3 -0.617640 -4.516320 1.796520 -0.022301 -0.005700 -0.999735 0.499800 0.055000 1 3 1.000000
bread
