version 1
nodes
  0 "Line10" -1
  1 "Box01" -1
  2 "Line03" -1
  3 "Line13" -1
  4 "Line14" -1
  5 "Line09" -1
  6 "Line07" -1
  7 "Line06" -1
  8 "Line27" -1
  9 "Line32" -1
  10 "Line22" -1
  11 "Line25" -1
  12 "Line17" -1
  13 "Box03" -1
  14 "Box02" -1
end
skeleton
  time 0
    0 -2.261992 -63.757286 12.274897 0.225982 3.141592 -1.570796
    1 -0.097583 0.442538 4.565096 0.140352 0.000000 -1.570796
    2 -2.261992 -71.719177 7.336371 -0.245019 -3.141592 -1.570796
    3 -2.261991 -38.180492 1.088981 0.182105 -0.001557 1.135055
    4 27.840038 -26.940983 -9.680807 0.332241 0.000000 1.221908
    5 -2.261992 -46.243690 -42.002300 0.977685 0.000000 1.570796
    6 -2.261988 8.976892 -3.360783 -0.034622 0.175138 -0.006035
    7 -2.261988 14.754599 -0.076709 -0.035685 2.914815 -1.570796
    8 -2.117238 -22.424093 -5.501363 -0.363190 -3.099428 -0.232943
    9 -2.117238 -32.278233 1.220774 -3.111578 -0.135690 0.736639
    10 -2.117237 -10.311675 20.279690 2.722130 0.000000 1.570796
    11 -2.117240 -47.984562 -17.101084 0.349685 -0.244222 1.780130
    12 -5.967031 -58.288132 18.068573 -2.967945 0.000000 1.570796
    13 -0.097585 -4.466639 3.473634 0.070574 0.000000 -1.570796
    14 -0.097583 -1.779903 4.433320 -1.570798 1.501814 1.570795
end
triangles
cockpit_dead.bmp
  7 10.470592 -13.110134 4.498630 0.000000 0.974405 -0.224801 1.000000 0.553571
  7 14.657918 7.220147 -0.039104 0.000000 0.974405 -0.224801 0.808511 0.535714
  7 -1.211969 -3.606110 1.877576 0.000000 0.974405 -0.224801 0.872340 0.696429
cockpit_dead.bmp
  7 -1.211969 -3.606110 1.877576 0.000000 0.974405 -0.224801 0.872340 0.696429
  7 14.657918 7.220147 -0.039104 0.000000 0.974405 -0.224801 0.808511 0.535714
  7 10.470592 -13.110134 4.498630 0.000000 0.974405 -0.224801 1.000000 0.553571
end
