version 1
nodes
  0 "Bip01" -1
  1 "Bip01 Pelvis" 0
  2 "Bip01 L Thigh" 1
  3 "Bip01 L Calf" 2
  4 "Bip01 L Foot" 3
  5 "Bip01 R Thigh" 1
  6 "Bip01 R Calf" 5
  7 "Bip01 R Foot" 6
  8 "Bip01 Spine" 1
  9 "Bip01 Spine1" 8
  10 "Bip01 Spine2" 9
  11 "Bip01 Spine3" 10
  12 "Bip01 Neck" 11
  13 "Bip01 L Clavicle" 12
  14 "Bip01 L UpperArm" 13
  15 "Bip01 L Forearm" 14
  16 "Bip01 L Hand" 15
  17 "Bone10" 16
  18 "Bone11" 17
  19 "Bone12" 18
  20 "Bone13" 19
  21 "Bip01 R Clavicle" 12
  22 "Bip01 R UpperArm" 21
  23 "Bip01 R Forearm" 22
  24 "Bip01 R Hand" 23
  25 "Bone01" 24
  26 "Bone02" 25
  27 "Bone03" 26
  28 "Bone04" 27
  29 "Bone15" 24
  30 "Bone16" 29
  31 "Bone17" 30
  32 "Bone18" 31
  33 "Bip01 Head" 12
  34 "Bone05" 33
  35 "Bone06" 34
  36 "Whistle" 25
  37 "megahorn" 25
  38 "binoculars" 26
end
skeleton
  time 0
    0 1.727868 6.792421 40.713509 0.000000 0.000000 -1.701628
    1 0.098545 -0.084021 0.000000 -1.570795 -1.570451 0.000000
    2 -0.000007 0.000008 4.427393 -0.170952 3.132641 -0.013424
    3 18.301064 0.000000 0.000000 0.000000 0.000000 -0.414350
    4 17.106760 0.000001 0.000000 0.018479 0.017458 0.385304
    5 0.000005 -0.000004 -4.427393 0.106724 3.097445 -0.350314
    6 18.133165 -0.000001 0.000000 0.000000 0.000000 -0.336561
    7 17.375954 0.000000 0.000000 -0.220034 0.004658 -0.016380
    8 2.255202 -0.002658 -0.000370 0.139551 -0.000112 0.000789
    9 3.373778 -0.004248 0.000074 -0.017461 -0.017428 0.000304
    10 5.335010 -0.004116 -0.000072 0.017439 0.000443 -0.026163
    11 5.172568 -0.004196 0.000110 -0.026163 -0.000436 -0.017439
    12 5.272349 -0.001844 0.000000 0.000035 0.043610 0.335278
    13 -3.088773 1.043477 2.397649 -0.876005 -1.358602 -2.606380
    14 6.063948 0.000000 -0.000002 0.688753 1.101762 0.397699
    15 7.685223 -0.000001 -0.000002 0.000000 0.000000 -0.470464
    16 10.246252 -0.000001 0.000000 -1.516676 0.060972 0.003198
    17 1.002474 -0.010379 -0.634116 1.669159 0.065348 -0.251115
    18 2.613436 -0.065634 -0.274432 0.000000 0.000000 0.000000
    19 0.234266 -0.037350 -1.062113 0.000000 0.000000 0.000000
    20 -0.597611 -0.008344 -1.051551 0.000000 0.000000 0.000000
    21 -2.772720 1.008386 -2.551214 1.160522 1.415280 -2.327812
    22 6.269506 0.000000 0.000001 -0.534489 -1.198353 0.213700
    23 8.573804 0.000000 0.000001 0.000000 0.000000 -0.234229
    24 9.913458 0.000000 0.000001 1.546528 0.097013 -0.254320
    25 1.002172 -0.133797 0.671948 -1.465299 -0.341386 2.996143
    26 -1.959246 -1.473180 0.160945 -0.039954 -0.115486 0.333922
    27 -0.419831 -0.015338 -1.430493 0.000000 0.000000 0.000000
    28 0.482603 0.095049 -1.031372 0.000000 0.000000 0.000000
    29 1.191002 -0.287718 -0.633231 -1.380525 -0.259296 3.054630
    30 -2.117955 -0.940054 -0.209588 -0.038667 -0.114155 0.333317
    31 -0.649236 -0.162586 -1.464034 0.000000 0.000000 0.000000
    32 0.335314 -0.041431 -0.921754 0.000000 0.000000 0.000000
    33 2.452245 -0.000001 0.000000 0.000856 -0.008390 -0.101259
    34 0.946169 3.213870 -0.420091 -3.141592 -0.000002 1.413798
    35 2.863743 -0.836315 0.000003 0.000000 0.000000 0.000000
    36 -1.491673 -1.396661 -2.374748 -2.426604 1.134129 0.920209
    37 -2.199268 -0.350509 -1.557462 -1.233460 -1.358443 2.872376
    38 2.962489 0.777327 -3.765546 2.984134 0.715373 -0.049085
end
triangles
drill_instructor.BMP
  33 1.559031 3.991518 69.814610 0.103995 0.676067 -0.729464 0.861004 0.169291
  33 8.723352 7.808758 70.671396 -0.991449 0.130493 0.000000 0.965251 0.255906
  33 9.724757 3.766548 69.953254 -0.197906 -0.215106 0.956328 0.980695 0.169291
drill_instructor.BMP
  33 9.724757 3.766548 69.953254 -0.197906 -0.215106 0.956328 0.980695 0.169291
  33 8.723352 7.808758 70.671396 -0.991449 0.130493 0.000000 0.965251 0.255906
  33 1.559031 3.991518 69.814610 0.103995 0.676067 -0.729464 0.861004 0.169291
drill_instructor.BMP
  33 8.723352 7.808758 70.671396 -0.991449 0.130493 0.000000 0.965251 0.255906
  33 5.807003 10.841144 71.161850 0.106497 0.229893 -0.967371 0.918919 0.322835
  33 1.559031 3.991518 69.814610 0.103995 0.676067 -0.729464 0.861004 0.169291
drill_instructor.BMP
  33 1.559031 3.991518 69.814610 0.103995 0.676067 -0.729464 0.861004 0.169291
  33 5.807003 10.841144 71.161850 0.106497 0.229893 -0.967371 0.918919 0.322835
  33 1.755310 12.025173 71.290130 0.282004 0.959413 0.000000 0.861004 0.346457
drill_instructor.BMP
  33 5.807003 10.841144 71.161850 0.106497 0.229893 -0.967371 0.918919 0.322835
  33 1.559031 3.991518 69.814610 0.103995 0.676067 -0.729464 0.861004 0.169291
  33 1.755310 12.025173 71.290130 0.282004 0.959413 0.000000 0.861004 0.346457
drill_instructor.BMP
  33 1.755310 12.025173 71.290130 0.282004 0.959413 0.000000 0.861004 0.346457
  33 1.559031 3.991518 69.814610 0.103995 0.676067 -0.729464 0.861004 0.169291
  33 -2.358722 11.066114 71.023206 0.046400 -0.006100 -0.998904 0.799228 0.322835
drill_instructor.BMP
  33 1.559031 3.991518 69.814610 0.103995 0.676067 -0.729464 0.861004 0.169291
  33 -5.429239 8.198669 70.431102 0.000000 0.000000 1.000000 0.752896 0.255906
  33 -2.358722 11.066114 71.023206 0.046400 -0.006100 -0.998904 0.799228 0.322835
drill_instructor.BMP
  33 -2.358722 11.066114 71.023206 0.046400 -0.006100 -0.998904 0.799228 0.322835
  33 -5.429239 8.198669 70.431102 0.000000 0.000000 1.000000 0.752896 0.255906
  33 1.559031 3.991518 69.814610 0.103995 0.676067 -0.729464 0.861004 0.169291
drill_instructor.BMP
  33 -5.429239 8.198669 70.431102 0.000000 0.000000 1.000000 0.752896 0.255906
  33 -6.616689 4.216763 69.675796 0.991449 -0.130493 0.000000 0.737452 0.169291
  33 1.559031 3.991518 69.814610 0.103995 0.676067 -0.729464 0.861004 0.169291
drill_instructor.BMP
  33 1.559031 3.991518 69.814610 0.103995 0.676067 -0.729464 0.861004 0.169291
  33 -6.616689 4.216763 69.675796 0.991449 -0.130493 0.000000 0.737452 0.169291
  33 -5.625298 0.166911 68.945766 -0.003900 0.000500 -0.999992 0.752896 0.078740
drill_instructor.BMP
  33 -6.616689 4.216763 69.675796 0.991449 -0.130493 0.000000 0.737452 0.169291
  33 1.559031 3.991518 69.814610 0.103995 0.676067 -0.729464 0.861004 0.169291
  33 -5.625298 0.166911 68.945766 -0.003900 0.000500 -0.999992 0.752896 0.078740
drill_instructor.BMP
  33 -5.625298 0.166911 68.945766 -0.003900 0.000500 -0.999992 0.752896 0.078740
  33 1.559031 3.991518 69.814610 0.103995 0.676067 -0.729464 0.861004 0.169291
  33 -2.698954 -2.865750 68.455482 0.000000 0.000000 1.000000 0.799228 0.019685
drill_instructor.BMP
  33 1.559031 3.991518 69.814610 0.103995 0.676067 -0.729464 0.861004 0.169291
  33 1.362734 -4.050055 68.327372 0.991449 -0.130493 0.000000 0.861004 0.000000
  33 -2.698954 -2.865750 68.455482 0.000000 0.000000 1.000000 0.799228 0.019685
drill_instructor.BMP
  33 -2.698954 -2.865750 68.455482 0.000000 0.000000 1.000000 0.799228 0.019685
  33 1.362734 -4.050055 68.327372 0.991449 -0.130493 0.000000 0.861004 0.000000
  33 1.559031 3.991518 69.814610 0.103995 0.676067 -0.729464 0.861004 0.169291
drill_instructor.BMP
  33 1.362734 -4.050055 68.327372 0.991449 -0.130493 0.000000 0.861004 0.000000
  33 5.467009 -3.080906 68.596028 0.113899 -0.993492 0.000000 0.918919 0.019685
  33 1.559031 3.991518 69.814610 0.103995 0.676067 -0.729464 0.861004 0.169291
drill_instructor.BMP
  33 1.559031 3.991518 69.814610 0.103995 0.676067 -0.729464 0.861004 0.169291
  33 5.467009 -3.080906 68.596028 0.113899 -0.993492 0.000000 0.918919 0.019685
  33 8.527293 -0.223000 69.186060 -0.482303 -0.876005 0.000000 0.965251 0.078740
drill_instructor.BMP
  33 5.467009 -3.080906 68.596028 0.113899 -0.993492 0.000000 0.918919 0.019685
  33 1.559031 3.991518 69.814610 0.103995 0.676067 -0.729464 0.861004 0.169291
  33 8.527293 -0.223000 69.186060 -0.482303 -0.876005 0.000000 0.965251 0.078740
drill_instructor.BMP
  33 8.527293 -0.223000 69.186060 -0.482303 -0.876005 0.000000 0.965251 0.078740
  33 1.559031 3.991518 69.814610 0.103995 0.676067 -0.729464 0.861004 0.169291
  33 9.724757 3.766548 69.953254 -0.197906 -0.215106 0.956328 0.980695 0.169291
drill_instructor.BMP
  5 -6.760259 1.808611 22.110533 -0.965408 0.254302 -0.057601 0.150579 0.244094
  6 -4.669743 3.469190 3.543639 -0.433386 0.581882 -0.688179 0.088803 0.007874
  6 -7.111718 0.501336 4.607222 -0.833071 -0.091297 -0.545581 0.154440 0.007874
drill_instructor.BMP
  6 -7.111718 0.501336 4.607222 -0.833071 -0.091297 -0.545581 0.154440 0.007874
  6 -4.669743 3.469190 3.543639 -0.433386 0.581882 -0.688179 0.088803 0.007874
  6 -1.295103 -1.011736 4.589779 0.317700 -0.373100 -0.871701 0.003861 0.007874
drill_instructor.BMP
  6 -4.669743 3.469190 3.543639 -0.433386 0.581882 -0.688179 0.088803 0.007874
  6 -1.559007 2.677166 3.528715 0.796319 0.402510 -0.451511 0.046332 0.007874
  6 -1.295103 -1.011736 4.589779 0.317700 -0.373100 -0.871701 0.003861 0.007874
drill_instructor.BMP
  6 -1.295103 -1.011736 4.589779 0.317700 -0.373100 -0.871701 0.003861 0.007874
  6 -1.559007 2.677166 3.528715 0.796319 0.402510 -0.451511 0.046332 0.007874
  5 -0.400380 0.239892 22.186436 0.973769 -0.201394 -0.105897 0.003861 0.236220
drill_instructor.BMP
  6 -1.559007 2.677166 3.528715 0.796319 0.402510 -0.451511 0.046332 0.007874
  6 -2.333832 5.536815 18.766201 0.044301 0.979921 -0.194404 0.077220 0.200787
  5 -0.400380 0.239892 22.186436 0.973769 -0.201394 -0.105897 0.003861 0.236220
drill_instructor.BMP
  5 -0.400380 0.239892 22.186436 0.973769 -0.201394 -0.105897 0.003861 0.236220
  6 -2.333832 5.536815 18.766201 0.044301 0.979921 -0.194404 0.077220 0.200787
  5 -2.184976 6.454363 23.180755 0.107000 0.904103 -0.413701 0.081081 0.263780
drill_instructor.BMP
  6 -2.333832 5.536815 18.766201 0.044301 0.979921 -0.194404 0.077220 0.200787
  5 -6.899825 3.404623 25.445239 -0.921178 0.364491 -0.136297 0.138996 0.287402
  5 -2.184976 6.454363 23.180755 0.107000 0.904103 -0.413701 0.081081 0.263780
drill_instructor.BMP
  5 -2.184976 6.454363 23.180755 0.107000 0.904103 -0.413701 0.081081 0.263780
  5 -6.899825 3.404623 25.445239 -0.921178 0.364491 -0.136297 0.138996 0.287402
  5 -6.059252 6.918399 31.585656 -0.856017 0.508910 -0.090802 0.115830 0.377953
drill_instructor.BMP
  5 -6.899825 3.404623 25.445239 -0.921178 0.364491 -0.136297 0.138996 0.287402
  5 -6.847947 3.062275 32.626841 -0.989280 -0.074498 0.125597 0.169884 0.377953
  5 -6.059252 6.918399 31.585656 -0.856017 0.508910 -0.090802 0.115830 0.377953
drill_instructor.BMP
  5 -6.059252 6.918399 31.585656 -0.856017 0.508910 -0.090802 0.115830 0.377953
  5 -6.847947 3.062275 32.626841 -0.989280 -0.074498 0.125597 0.169884 0.377953
  1 -5.941760 5.948759 36.272908 -0.963625 0.192105 0.185805 0.150579 0.440945
drill_instructor.BMP
  5 -6.847947 3.062275 32.626841 -0.989280 -0.074498 0.125597 0.169884 0.377953
  5 -4.537146 0.265015 37.485280 -0.542695 -0.777692 0.317297 0.223938 0.433071
  1 -5.941760 5.948759 36.272908 -0.963625 0.192105 0.185805 0.150579 0.440945
drill_instructor.BMP
  1 -5.941760 5.948759 36.272908 -0.963625 0.192105 0.185805 0.150579 0.440945
  5 -4.537146 0.265015 37.485280 -0.542695 -0.777692 0.317297 0.223938 0.433071
  1 -5.228857 6.307583 39.863063 -0.978050 0.112006 0.175709 0.146718 0.484252
drill_instructor.BMP
  5 -4.537146 0.265015 37.485280 -0.542695 -0.777692 0.317297 0.223938 0.433071
  1 -2.797306 2.940746 42.322020 -0.695378 -0.682779 0.224193 0.231660 0.515748
  1 -5.228857 6.307583 39.863063 -0.978050 0.112006 0.175709 0.146718 0.484252
drill_instructor.BMP
  1 -5.228857 6.307583 39.863063 -0.978050 0.112006 0.175709 0.146718 0.484252
  1 -2.797306 2.940746 42.322020 -0.695378 -0.682779 0.224193 0.231660 0.515748
  1 -5.272288 6.130823 42.513001 -0.630874 -0.073797 0.772368 0.150579 0.515748
drill_instructor.BMP
  1 -2.797306 2.940746 42.322020 -0.695378 -0.682779 0.224193 0.231660 0.515748
  1 -4.983461 6.102905 42.513004 -0.663416 -0.068402 0.745118 0.154440 0.515748
  1 -5.272288 6.130823 42.513001 -0.630874 -0.073797 0.772368 0.150579 0.515748
drill_instructor.BMP
  1 -5.272288 6.130823 42.513001 -0.630874 -0.073797 0.772368 0.150579 0.515748
  1 -4.983461 6.102905 42.513004 -0.663416 -0.068402 0.745118 0.154440 0.515748
  1 -2.135130 10.196113 43.054534 -0.572802 0.783403 0.241201 0.146718 0.535433
drill_instructor.BMP
  33 -0.751256 0.824330 73.460277 -0.706093 -0.556095 0.438396 0.644788 0.177165
  33 -1.587399 3.802906 73.915415 -0.849668 0.018899 0.526980 0.644788 0.102362
  33 -2.197349 4.568324 69.832120 -0.988272 -0.095197 0.119397 0.725869 0.102362
drill_instructor.BMP
  33 -2.197349 4.568324 69.832120 -0.988272 -0.095197 0.119397 0.725869 0.102362
  33 -1.587399 3.802906 73.915415 -0.849668 0.018899 0.526980 0.644788 0.102362
  33 -1.025818 7.496005 70.403699 -0.812705 0.534104 0.232902 0.725869 0.039370
drill_instructor.BMP
  33 -1.587399 3.802906 73.915415 -0.849668 0.018899 0.526980 0.644788 0.102362
  33 -0.623403 6.414111 74.411014 -0.580084 0.518786 0.627983 0.644788 0.047244
  33 -1.025818 7.496005 70.403699 -0.812705 0.534104 0.232902 0.725869 0.039370
drill_instructor.BMP
  33 -1.025818 7.496005 70.403699 -0.812705 0.534104 0.232902 0.725869 0.039370
  33 -0.623403 6.414111 74.411014 -0.580084 0.518786 0.627983 0.644788 0.047244
  33 1.685123 8.741150 70.684433 -0.152895 0.942969 0.295690 0.729730 0.011811
drill_instructor.BMP
  33 -0.623403 6.414111 74.411014 -0.580084 0.518786 0.627983 0.644788 0.047244
  33 1.583990 7.515992 74.652828 0.120500 0.705097 0.698797 0.648649 0.019685
  33 1.685123 8.741150 70.684433 -0.152895 0.942969 0.295690 0.729730 0.011811
drill_instructor.BMP
  33 1.685123 8.741150 70.684433 -0.152895 0.942969 0.295690 0.729730 0.011811
  33 1.583990 7.515992 74.652828 0.120500 0.705097 0.698797 0.648649 0.019685
  33 4.301393 7.349237 70.494148 0.669488 0.689687 0.275895 0.725869 0.039370
drill_instructor.BMP
  33 1.583990 7.515992 74.652828 0.120500 0.705097 0.698797 0.648649 0.019685
  33 3.704332 6.294880 74.484493 0.692196 0.347398 0.632597 0.644788 0.047244
  33 4.301393 7.349237 70.494148 0.669488 0.689687 0.275895 0.725869 0.039370
drill_instructor.BMP
  33 4.301393 7.349237 70.494148 0.669488 0.689687 0.275895 0.725869 0.039370
  33 3.704332 6.294880 74.484493 0.692196 0.347398 0.632597 0.644788 0.047244
  33 5.338706 4.360702 69.960073 0.978945 0.058003 0.195709 0.725869 0.102362
drill_instructor.BMP
  33 3.704332 6.294880 74.484493 0.692196 0.347398 0.632597 0.644788 0.047244
  33 4.549388 3.633834 74.019610 0.832108 -0.178202 0.525205 0.644788 0.102362
  33 5.338706 4.360702 69.960073 0.978945 0.058003 0.195709 0.725869 0.102362
drill_instructor.BMP
  33 5.338706 4.360702 69.960073 0.978945 0.058003 0.195709 0.725869 0.102362
  33 4.549388 3.633834 74.019610 0.832108 -0.178202 0.525205 0.644788 0.102362
  33 4.163148 1.274091 69.367876 0.806113 -0.590010 0.045501 0.729730 0.181102
drill_instructor.BMP
  33 4.549388 3.633834 74.019610 0.832108 -0.178202 0.525205 0.644788 0.102362
  33 3.576478 0.705099 73.533757 0.528683 -0.737976 0.419387 0.644788 0.177165
  33 4.163148 1.274091 69.367876 0.806113 -0.590010 0.045501 0.729730 0.181102
drill_instructor.BMP
  33 4.163148 1.274091 69.367876 0.806113 -0.590010 0.045501 0.729730 0.181102
  33 3.576478 0.705099 73.533757 0.528683 -0.737976 0.419387 0.644788 0.177165
  33 1.477653 0.246212 69.119512 0.111796 -0.990064 -0.085297 0.729730 0.271654
drill_instructor.BMP
  33 3.576478 0.705099 73.533757 0.528683 -0.737976 0.419387 0.644788 0.177165
  33 1.397455 -0.123184 73.243578 -0.127799 -0.923494 0.361698 0.644788 0.271654
  33 1.477653 0.246212 69.119512 0.111796 -0.990064 -0.085297 0.729730 0.271654
drill_instructor.BMP
  33 1.477653 0.246212 69.119512 0.111796 -0.990064 -0.085297 0.729730 0.271654
  33 1.397455 -0.123184 73.243578 -0.127799 -0.923494 0.361698 0.644788 0.271654
  33 -1.164063 1.420859 69.277427 -0.637386 -0.769183 -0.045799 0.729730 0.342520
drill_instructor.BMP
  33 1.397455 -0.123184 73.243578 -0.127799 -0.923494 0.361698 0.644788 0.271654
  33 -0.751256 0.824330 73.460277 -0.706093 -0.556095 0.438396 0.644788 0.342520
  33 -1.164063 1.420859 69.277427 -0.637386 -0.769183 -0.045799 0.729730 0.342520
drill_instructor.BMP
  2 9.351681 4.918328 36.111957 0.985658 -0.090096 0.142694 0.463320 0.440945
  2 9.137045 4.215009 31.351928 0.946577 -0.317892 -0.054199 0.444015 0.377953
  2 9.157653 8.293152 31.683637 0.930286 0.366394 -0.018000 0.501931 0.377953
drill_instructor.BMP
  2 9.157653 8.293152 31.683637 0.930286 0.366394 -0.018000 0.501931 0.377953
  2 9.137045 4.215009 31.351928 0.946577 -0.317892 -0.054199 0.444015 0.377953
  2 8.957280 6.864295 24.681736 0.973537 0.207708 -0.095304 0.478764 0.291339
drill_instructor.BMP
  2 9.137045 4.215009 31.351928 0.946577 -0.317892 -0.054199 0.444015 0.377953
  2 6.693733 2.377393 20.968157 0.709313 -0.677613 -0.194204 0.416988 0.248031
  2 8.957280 6.864295 24.681736 0.973537 0.207708 -0.095304 0.478764 0.291339
drill_instructor.BMP
  2 8.957280 6.864295 24.681736 0.973537 0.207708 -0.095304 0.478764 0.291339
  2 6.693733 2.377393 20.968157 0.709313 -0.677613 -0.194204 0.416988 0.248031
  2 8.449903 6.532272 21.040565 0.996064 0.067797 -0.057098 0.467181 0.244094
drill_instructor.BMP
  2 6.693733 2.377393 20.968157 0.709313 -0.677613 -0.194204 0.416988 0.248031
  3 6.578437 2.890804 19.640235 0.592035 -0.746044 -0.304818 0.416988 0.236220
  2 8.449903 6.532272 21.040565 0.996064 0.067797 -0.057098 0.467181 0.244094
drill_instructor.BMP
  2 8.449903 6.532272 21.040565 0.996064 0.067797 -0.057098 0.467181 0.244094
  3 6.578437 2.890804 19.640235 0.592035 -0.746044 -0.304818 0.416988 0.236220
  3 7.990464 12.176295 4.440049 0.777014 -0.024400 -0.629011 0.471042 0.007874
drill_instructor.BMP
  3 6.578437 2.890804 19.640235 0.592035 -0.746044 -0.304818 0.416988 0.236220
  3 6.415810 8.608771 3.901032 0.295690 -0.539183 -0.788574 0.420849 0.007874
  3 7.990464 12.176295 4.440049 0.777014 -0.024400 -0.629011 0.471042 0.007874
drill_instructor.BMP
  3 7.990464 12.176295 4.440049 0.777014 -0.024400 -0.629011 0.471042 0.007874
  3 6.415810 8.608771 3.901032 0.295690 -0.539183 -0.788574 0.420849 0.007874
  3 1.987260 11.890006 4.486823 -0.415991 0.061599 -0.907280 0.324324 0.007874
drill_instructor.BMP
  3 6.415810 8.608771 3.901032 0.295690 -0.539183 -0.788574 0.420849 0.007874
  3 4.147572 8.516636 3.903786 -0.590397 -0.566097 -0.575297 0.374517 0.007874
  3 1.987260 11.890006 4.486823 -0.415991 0.061599 -0.907280 0.324324 0.007874
drill_instructor.BMP
  3 1.987260 11.890006 4.486823 -0.415991 0.061599 -0.907280 0.324324 0.007874
  3 4.147572 8.516636 3.903786 -0.590397 -0.566097 -0.575297 0.374517 0.007874
  2 1.917098 6.262063 21.222899 -0.997791 0.032200 -0.058100 0.324324 0.244094
drill_instructor.BMP
  3 4.147572 8.516636 3.903786 -0.590397 -0.566097 -0.575297 0.374517 0.007874
  3 3.770728 2.508884 19.589178 -0.371510 -0.862224 -0.344310 0.359073 0.236220
  2 1.917098 6.262063 21.222899 -0.997791 0.032200 -0.058100 0.324324 0.244094
drill_instructor.BMP
  2 1.917098 6.262063 21.222899 -0.997791 0.032200 -0.058100 0.324324 0.244094
  3 3.770728 2.508884 19.589178 -0.371510 -0.862224 -0.344310 0.359073 0.236220
  2 3.738196 1.948310 20.954492 -0.279712 -0.917639 -0.282312 0.355212 0.248031
drill_instructor.BMP
  3 3.770728 2.508884 19.589178 -0.371510 -0.862224 -0.344310 0.359073 0.236220
  3 6.578437 2.890804 19.640235 0.592035 -0.746044 -0.304818 0.416988 0.236220
  2 3.738196 1.948310 20.954492 -0.279712 -0.917639 -0.282312 0.355212 0.248031
drill_instructor.BMP
  2 3.738196 1.948310 20.954492 -0.279712 -0.917639 -0.282312 0.355212 0.248031
  3 6.578437 2.890804 19.640235 0.592035 -0.746044 -0.304818 0.416988 0.236220
  2 6.693733 2.377393 20.968157 0.709313 -0.677613 -0.194204 0.416988 0.248031
drill_instructor.BMP
  23 -10.555767 5.330759 39.951279 0.238604 -0.485208 -0.841214 0.934363 0.519685
  23 -9.467682 5.844892 45.153071 0.379594 -0.924186 -0.042299 0.934363 0.661417
  23 -12.559570 6.321669 40.293285 -0.661906 -0.722606 -0.199302 0.868726 0.519685
drill_instructor.BMP
  23 -12.559570 6.321669 40.293285 -0.661906 -0.722606 -0.199302 0.868726 0.519685
  23 -9.467682 5.844892 45.153071 0.379594 -0.924186 -0.042299 0.934363 0.661417
  23 -12.105925 6.810952 45.612422 -0.762693 -0.635794 0.118599 0.872587 0.665354
drill_instructor.BMP
  23 -9.467682 5.844892 45.153071 0.379594 -0.924186 -0.042299 0.934363 0.661417
  23 -8.627703 5.767903 48.999902 0.372917 -0.910941 -0.176408 0.934363 0.732283
  23 -12.105925 6.810952 45.612422 -0.762693 -0.635794 0.118599 0.872587 0.665354
drill_instructor.BMP
  23 -12.105925 6.810952 45.612422 -0.762693 -0.635794 0.118599 0.872587 0.665354
  23 -8.627703 5.767903 48.999902 0.372917 -0.910941 -0.176408 0.934363 0.732283
  23 -11.509667 6.831221 49.011769 -0.762693 -0.635794 0.118599 0.861004 0.696850
drill_instructor.BMP
  23 -8.627703 5.767903 48.999902 0.372917 -0.910941 -0.176408 0.934363 0.732283
  22 -7.780239 5.511269 50.782831 0.396388 -0.862975 -0.313291 0.934363 0.767717
  23 -11.509667 6.831221 49.011769 -0.762693 -0.635794 0.118599 0.861004 0.696850
drill_instructor.BMP
  23 -11.509667 6.831221 49.011769 -0.762693 -0.635794 0.118599 0.861004 0.696850
  22 -7.780239 5.511269 50.782831 0.396388 -0.862975 -0.313291 0.934363 0.767717
  22 -10.732317 5.985566 51.670120 -0.714384 -0.698085 0.048299 0.884170 0.744094
drill_instructor.BMP
  22 -7.780239 5.511269 50.782831 0.396388 -0.862975 -0.313291 0.934363 0.767717
  22 -6.447515 5.207251 54.617661 0.454091 -0.847584 -0.274595 0.934363 0.830709
  22 -10.732317 5.985566 51.670120 -0.714384 -0.698085 0.048299 0.884170 0.744094
drill_instructor.BMP
  22 -10.732317 5.985566 51.670120 -0.714384 -0.698085 0.048299 0.884170 0.744094
  22 -6.447515 5.207251 54.617661 0.454091 -0.847584 -0.274595 0.934363 0.830709
  22 -9.575553 5.343508 55.420288 -0.545494 -0.832691 0.095199 0.880309 0.818898
drill_instructor.BMP
  22 -6.447515 5.207251 54.617661 0.454091 -0.847584 -0.274595 0.934363 0.830709
  22 -5.270655 4.737331 57.525353 0.362010 -0.931726 0.028901 0.934363 0.881890
  22 -9.575553 5.343508 55.420288 -0.545494 -0.832691 0.095199 0.880309 0.818898
drill_instructor.BMP
  22 -9.575553 5.343508 55.420288 -0.545494 -0.832691 0.095199 0.880309 0.818898
  22 -5.270655 4.737331 57.525353 0.362010 -0.931726 0.028901 0.934363 0.881890
  22 -8.504773 5.308213 58.225762 -0.672810 -0.559608 0.483907 0.868726 0.874016
drill_instructor.BMP
  22 -5.270655 4.737331 57.525353 0.362010 -0.931726 0.028901 0.934363 0.881890
  22 -6.844019 5.284717 59.245293 -0.111401 -0.661407 0.741708 0.853282 0.909449
  22 -8.504773 5.308213 58.225762 -0.672810 -0.559608 0.483907 0.868726 0.874016
drill_instructor.BMP
  22 -8.504773 5.308213 58.225762 -0.672810 -0.559608 0.483907 0.868726 0.874016
  22 -6.844019 5.284717 59.245293 -0.111401 -0.661407 0.741708 0.853282 0.909449
  22 -7.816243 8.471465 59.817323 -0.410797 0.162699 0.897093 0.772201 0.905512
drill_instructor.BMP
  22 -6.844019 5.284717 59.245293 -0.111401 -0.661407 0.741708 0.853282 0.909449
  22 -6.226603 7.210593 60.224934 0.134003 -0.129203 0.982522 0.799228 0.921260
  22 -7.816243 8.471465 59.817323 -0.410797 0.162699 0.897093 0.772201 0.905512
drill_instructor.BMP
  22 -7.816243 8.471465 59.817323 -0.410797 0.162699 0.897093 0.772201 0.905512
  22 -6.226603 7.210593 60.224934 0.134003 -0.129203 0.982522 0.799228 0.921260
  22 -5.884692 9.185555 59.693686 0.472508 0.387407 0.791614 0.698842 0.905512
drill_instructor.BMP
  15 13.783296 4.609128 40.376723 -0.286906 -0.553012 -0.782217 0.922780 0.519685
  15 16.231670 7.132180 40.286300 0.826378 -0.012100 -0.562985 0.826255 0.519685
  15 15.844166 5.511083 40.583096 0.614483 -0.776979 -0.136796 0.868726 0.519685
drill_instructor.BMP
  15 15.844166 5.511083 40.583096 0.614483 -0.776979 -0.136796 0.868726 0.519685
  15 16.231670 7.132180 40.286300 0.826378 -0.012100 -0.562985 0.826255 0.519685
  15 15.556927 6.556179 45.821337 0.728082 -0.664484 0.168396 0.872587 0.665354
drill_instructor.BMP
  15 16.231670 7.132180 40.286300 0.826378 -0.012100 -0.562985 0.826255 0.519685
  15 16.042855 8.943101 45.678239 0.927938 0.371915 -0.024701 0.806950 0.653543
  15 15.556927 6.556179 45.821337 0.728082 -0.664484 0.168396 0.872587 0.665354
drill_instructor.BMP
  15 15.556927 6.556179 45.821337 0.728082 -0.664484 0.168396 0.872587 0.665354
  15 16.042855 8.943101 45.678239 0.927938 0.371915 -0.024701 0.806950 0.653543
  15 15.039640 6.968471 49.220003 0.728082 -0.664484 0.168396 0.861004 0.696850
drill_instructor.BMP
  15 16.042855 8.943101 45.678239 0.927938 0.371915 -0.024701 0.806950 0.653543
  14 15.159463 10.463200 49.639658 0.906892 0.417296 0.058400 0.791506 0.677165
  15 15.039640 6.968471 49.220003 0.728082 -0.664484 0.168396 0.861004 0.696850
drill_instructor.BMP
  15 15.039640 6.968471 49.220003 0.728082 -0.664484 0.168396 0.861004 0.696850
  14 15.159463 10.463200 49.639658 0.906892 0.417296 0.058400 0.791506 0.677165
  14 14.418431 6.399950 51.466725 0.706907 -0.707307 0.000600 0.884170 0.744094
drill_instructor.BMP
  14 15.159463 10.463200 49.639658 0.906892 0.417296 0.058400 0.791506 0.677165
  14 14.719131 10.386609 54.080158 0.905400 0.306100 0.294200 0.752896 0.759843
  14 14.418431 6.399950 51.466725 0.706907 -0.707307 0.000600 0.884170 0.744094
drill_instructor.BMP
  14 14.418431 6.399950 51.466725 0.706907 -0.707307 0.000600 0.884170 0.744094
  14 14.719131 10.386609 54.080158 0.905400 0.306100 0.294200 0.752896 0.759843
  14 13.198133 5.302671 55.084273 0.547268 -0.836952 0.003000 0.880309 0.818898
drill_instructor.BMP
  14 14.719131 10.386609 54.080158 0.905400 0.306100 0.294200 0.752896 0.759843
  14 12.073950 4.916122 57.844543 0.666284 -0.613086 0.424490 0.868726 0.874016
  14 13.198133 5.302671 55.084273 0.547268 -0.836952 0.003000 0.880309 0.818898
drill_instructor.BMP
  14 13.198133 5.302671 55.084273 0.547268 -0.836952 0.003000 0.880309 0.818898
  14 12.073950 4.916122 57.844543 0.666284 -0.613086 0.424490 0.868726 0.874016
  14 8.852592 4.443210 57.015022 -0.358505 -0.929013 -0.091701 0.934363 0.881890
drill_instructor.BMP
  14 12.073950 4.916122 57.844543 0.666284 -0.613086 0.424490 0.868726 0.874016
  14 10.391672 4.774321 58.822671 0.100799 -0.746690 0.657491 0.853282 0.909449
  14 8.852592 4.443210 57.015022 -0.358505 -0.929013 -0.091701 0.934363 0.881890
drill_instructor.BMP
  14 8.852592 4.443210 57.015022 -0.358505 -0.929013 -0.091701 0.934363 0.881890
  14 10.391672 4.774321 58.822671 0.100799 -0.746690 0.657491 0.853282 0.909449
  14 8.164150 5.500541 58.543124 -0.722410 -0.409306 0.557308 0.934363 0.905512
drill_instructor.BMP
  14 10.391672 4.774321 58.822671 0.100799 -0.746690 0.657491 0.853282 0.909449
  14 9.745359 6.563152 60.022697 -0.151198 -0.248396 0.956785 0.799228 0.921260
  14 8.164150 5.500541 58.543124 -0.722410 -0.409306 0.557308 0.934363 0.905512
drill_instructor.BMP
  11 4.511508 6.586988 62.346105 -0.585295 -0.217898 0.780993 0.791506 0.929134
  11 4.756510 8.835358 63.287701 -0.011700 -0.206400 0.978398 0.725869 1.000000
  11 4.047194 8.728627 62.854136 -0.391494 -0.512292 0.764388 0.725869 0.929134
drill_instructor.BMP
  11 4.047194 8.728627 62.854136 -0.391494 -0.512292 0.764388 0.725869 0.929134
  11 4.756510 8.835358 63.287701 -0.011700 -0.206400 0.978398 0.725869 1.000000
  11 1.974399 9.677484 62.930236 -0.136596 -0.562584 0.815377 0.660232 0.929134
drill_instructor.BMP
  11 4.756510 8.835358 63.287701 -0.011700 -0.206400 0.978398 0.725869 1.000000
  11 1.860419 10.663033 63.461088 0.068997 0.302485 0.950654 0.660232 1.000000
  11 1.974399 9.677484 62.930236 -0.136596 -0.562584 0.815377 0.660232 0.929134
drill_instructor.BMP
  11 1.974399 9.677484 62.930236 -0.136596 -0.562584 0.815377 0.660232 0.929134
  11 1.860419 10.663033 63.461088 0.068997 0.302485 0.950654 0.660232 1.000000
  11 -0.461164 8.836777 62.918279 0.355009 -0.481012 0.801621 0.583012 0.929134
drill_instructor.BMP
  11 1.860419 10.663033 63.461088 0.068997 0.302485 0.950654 0.660232 1.000000
  11 -1.121774 8.937841 63.386018 -0.032499 -0.114598 0.992880 0.583012 1.000000
  11 -0.461164 8.836777 62.918279 0.355009 -0.481012 0.801621 0.583012 0.929134
drill_instructor.BMP
  11 -0.461164 8.836777 62.918279 0.355009 -0.481012 0.801621 0.583012 0.929134
  11 -1.121774 8.937841 63.386018 -0.032499 -0.114598 0.992880 0.583012 1.000000
  11 -0.946383 6.692986 62.456952 0.615426 -0.240110 0.750732 0.509653 0.929134
drill_instructor.BMP
  11 -1.121774 8.937841 63.386018 -0.032499 -0.114598 0.992880 0.583012 1.000000
  11 -1.409980 4.883915 62.341450 -0.001700 -0.325214 0.945639 0.455598 1.000000
  11 -0.946383 6.692986 62.456952 0.615426 -0.240110 0.750732 0.509653 0.929134
drill_instructor.BMP
  11 -0.946383 6.692986 62.456952 0.615426 -0.240110 0.750732 0.509653 0.929134
  11 -1.409980 4.883915 62.341450 -0.001700 -0.325214 0.945639 0.455598 1.000000
  11 -0.521650 5.334623 61.756273 0.119301 -0.423502 0.898005 0.420849 0.929134
drill_instructor.BMP
  11 -1.409980 4.883915 62.341450 -0.001700 -0.325214 0.945639 0.455598 1.000000
  11 -1.199384 2.314812 60.864914 -0.253393 -0.498087 0.829278 0.347490 1.000000
  11 -0.521650 5.334623 61.756273 0.119301 -0.423502 0.898005 0.420849 0.929134
drill_instructor.BMP
  11 -0.521650 5.334623 61.756273 0.119301 -0.423502 0.898005 0.420849 0.929134
  11 -1.199384 2.314812 60.864914 -0.253393 -0.498087 0.829278 0.347490 1.000000
  11 1.803147 2.241121 59.844582 -0.417479 -0.617469 0.666666 0.382239 0.929134
drill_instructor.BMP
  11 -1.199384 2.314812 60.864914 -0.253393 -0.498087 0.829278 0.347490 1.000000
  11 1.468935 1.761537 59.500340 -0.130493 -0.991449 0.000000 0.347490 0.929134
  11 1.803147 2.241121 59.844582 -0.417479 -0.617469 0.666666 0.382239 0.929134
drill_instructor.BMP
  11 1.803147 2.241121 59.844582 -0.417479 -0.617469 0.666666 0.382239 0.929134
  11 1.468935 1.761537 59.500340 -0.130493 -0.991449 0.000000 0.347490 0.929134
  11 -1.199384 2.314812 60.864914 -0.253393 -0.498087 0.829278 0.347490 1.000000
drill_instructor.BMP
  6 -5.763916 -2.475252 22.181153 -0.750713 -0.660211 0.023500 0.212355 0.236220
  6 -3.106721 -3.431332 22.192436 0.168403 -0.985716 0.002200 0.270270 0.236220
  5 -3.022059 -3.446451 23.425212 0.166908 -0.983146 0.074603 0.270270 0.248031
drill_instructor.BMP
  5 -3.022059 -3.446451 23.425212 0.166908 -0.983146 0.074603 0.270270 0.248031
  6 -3.106721 -3.431332 22.192436 0.168403 -0.985716 0.002200 0.270270 0.236220
  5 -0.400380 0.239892 22.186436 0.973769 -0.201394 -0.105897 0.308880 0.244094
drill_instructor.BMP
  6 -3.106721 -3.431332 22.192436 0.168403 -0.985716 0.002200 0.270270 0.236220
  6 -4.087988 -3.812569 5.433896 0.410973 -0.851145 -0.326579 0.254826 0.007874
  5 -0.400380 0.239892 22.186436 0.973769 -0.201394 -0.105897 0.308880 0.244094
drill_instructor.BMP
  5 -0.400380 0.239892 22.186436 0.973769 -0.201394 -0.105897 0.308880 0.244094
  6 -4.087988 -3.812569 5.433896 0.410973 -0.851145 -0.326579 0.254826 0.007874
  6 -1.295103 -1.011736 4.589779 0.317700 -0.373100 -0.871701 0.308880 0.007874
drill_instructor.BMP
  6 -4.087988 -3.812569 5.433896 0.410973 -0.851145 -0.326579 0.254826 0.007874
  6 -6.299044 -3.256609 5.464608 -0.474701 -0.719802 -0.506502 0.208494 0.007874
  6 -1.295103 -1.011736 4.589779 0.317700 -0.373100 -0.871701 0.308880 0.007874
drill_instructor.BMP
  6 -1.295103 -1.011736 4.589779 0.317700 -0.373100 -0.871701 0.308880 0.007874
  6 -6.299044 -3.256609 5.464608 -0.474701 -0.719802 -0.506502 0.208494 0.007874
  6 -7.111718 0.501336 4.607222 -0.833071 -0.091297 -0.545581 0.154440 0.007874
drill_instructor.BMP
  6 -6.299044 -3.256609 5.464608 -0.474701 -0.719802 -0.506502 0.208494 0.007874
  6 -5.763916 -2.475252 22.181153 -0.750713 -0.660211 0.023500 0.212355 0.236220
  6 -7.111718 0.501336 4.607222 -0.833071 -0.091297 -0.545581 0.154440 0.007874
drill_instructor.BMP
  6 -7.111718 0.501336 4.607222 -0.833071 -0.091297 -0.545581 0.154440 0.007874
  6 -5.763916 -2.475252 22.181153 -0.750713 -0.660211 0.023500 0.212355 0.236220
  5 -6.760259 1.808611 22.110533 -0.965408 0.254302 -0.057601 0.154440 0.244094
drill_instructor.BMP
  6 -5.763916 -2.475252 22.181153 -0.750713 -0.660211 0.023500 0.212355 0.236220
  5 -5.827632 -2.423646 23.379038 -0.837957 -0.540572 0.074896 0.212355 0.248031
  5 -6.760259 1.808611 22.110533 -0.965408 0.254302 -0.057601 0.154440 0.244094
drill_instructor.BMP
  5 -6.760259 1.808611 22.110533 -0.965408 0.254302 -0.057601 0.154440 0.244094
  5 -5.827632 -2.423646 23.379038 -0.837957 -0.540572 0.074896 0.212355 0.248031
  5 -6.899825 3.404623 25.445239 -0.921178 0.364491 -0.136297 0.138996 0.287402
drill_instructor.BMP
  5 -5.827632 -2.423646 23.379038 -0.837957 -0.540572 0.074896 0.212355 0.248031
  5 -6.847947 3.062275 32.626841 -0.989280 -0.074498 0.125597 0.169884 0.377953
  5 -6.899825 3.404623 25.445239 -0.921178 0.364491 -0.136297 0.138996 0.287402
drill_instructor.BMP
  1 -4.983461 6.102905 42.513004 -0.663416 -0.068402 0.745118 0.046332 0.527559
  1 -2.797306 2.940746 42.322020 -0.695378 -0.682779 0.224193 0.092664 0.523622
  9 -5.528896 4.237683 48.784209 -0.979580 -0.079898 -0.184496 0.034749 0.637795
drill_instructor.BMP
  9 -5.528896 4.237683 48.784209 -0.979580 -0.079898 -0.184496 0.034749 0.637795
  1 -2.797306 2.940746 42.322020 -0.695378 -0.682779 0.224193 0.092664 0.523622
  9 -2.796592 1.174443 48.122633 -0.483989 -0.857581 -0.174096 0.081081 0.625984
drill_instructor.BMP
  1 -2.797306 2.940746 42.322020 -0.695378 -0.682779 0.224193 0.092664 0.523622
  1 0.940213 1.450429 42.301678 -0.071198 -0.997365 0.013899 0.158301 0.523622
  9 -2.796592 1.174443 48.122633 -0.483989 -0.857581 -0.174096 0.081081 0.625984
drill_instructor.BMP
  9 -2.796592 1.174443 48.122633 -0.483989 -0.857581 -0.174096 0.081081 0.625984
  1 0.940213 1.450429 42.301678 -0.071198 -0.997365 0.013899 0.158301 0.523622
  9 1.604097 0.166042 48.044782 -0.043201 -0.995613 -0.083001 0.162162 0.625984
drill_instructor.BMP
  1 0.940213 1.450429 42.301678 -0.071198 -0.997365 0.013899 0.158301 0.523622
  9 6.581631 1.092684 47.959395 0.395690 -0.908078 -0.137197 0.247104 0.625984
  9 1.604097 0.166042 48.044782 -0.043201 -0.995613 -0.083001 0.162162 0.625984
drill_instructor.BMP
  9 1.604097 0.166042 48.044782 -0.043201 -0.995613 -0.083001 0.162162 0.625984
  9 6.581631 1.092684 47.959395 0.395690 -0.908078 -0.137197 0.247104 0.625984
  10 1.964336 0.434900 57.731298 0.049398 -0.985962 0.159494 0.162162 0.787402
drill_instructor.BMP
  9 6.581631 1.092684 47.959395 0.395690 -0.908078 -0.137197 0.247104 0.625984
  10 8.193127 1.356076 57.481312 0.541610 -0.831715 0.122102 0.281853 0.783465
  10 1.964336 0.434900 57.731298 0.049398 -0.985962 0.159494 0.162162 0.787402
drill_instructor.BMP
  10 1.964336 0.434900 57.731298 0.049398 -0.985962 0.159494 0.162162 0.787402
  10 8.193127 1.356076 57.481312 0.541610 -0.831715 0.122102 0.281853 0.783465
  11 1.182110 1.025585 59.266233 -0.000400 -0.748704 0.662904 0.150579 0.814961
drill_instructor.BMP
  10 8.193127 1.356076 57.481312 0.541610 -0.831715 0.122102 0.281853 0.783465
  11 7.306593 1.581528 59.446058 0.241602 -0.674105 0.698005 0.258687 0.822835
  11 1.182110 1.025585 59.266233 -0.000400 -0.748704 0.662904 0.150579 0.814961
drill_instructor.BMP
  11 1.182110 1.025585 59.266233 -0.000400 -0.748704 0.662904 0.150579 0.814961
  11 7.306593 1.581528 59.446058 0.241602 -0.674105 0.698005 0.258687 0.822835
  11 3.896392 5.217628 61.684072 -0.108504 -0.407514 0.906730 0.196911 0.850394
drill_instructor.BMP
  11 7.306593 1.581528 59.446058 0.241602 -0.674105 0.698005 0.258687 0.822835
  11 6.418020 6.320900 61.783511 0.435820 -0.193709 0.878941 0.247104 0.893701
  11 3.896392 5.217628 61.684072 -0.108504 -0.407514 0.906730 0.196911 0.850394
drill_instructor.BMP
  23 -9.827372 7.727352 39.729505 0.691457 0.350378 -0.631761 0.976834 0.519685
  23 -8.280959 8.672889 44.541009 0.945033 0.158105 -0.286210 0.976834 0.645669
  23 -10.555767 5.330759 39.951279 0.238604 -0.485208 -0.841214 0.934363 0.519685
drill_instructor.BMP
  23 -10.555767 5.330759 39.951279 0.238604 -0.485208 -0.841214 0.934363 0.519685
  23 -8.280959 8.672889 44.541009 0.945033 0.158105 -0.286210 0.976834 0.645669
  23 -9.467682 5.844892 45.153071 0.379594 -0.924186 -0.042299 0.934363 0.661417
drill_instructor.BMP
  23 -8.280959 8.672889 44.541009 0.945033 0.158105 -0.286210 0.976834 0.645669
  23 -7.631185 8.722606 47.840512 0.962283 0.106598 -0.250296 0.976834 0.692913
  23 -9.467682 5.844892 45.153071 0.379594 -0.924186 -0.042299 0.934363 0.661417
drill_instructor.BMP
  23 -9.467682 5.844892 45.153071 0.379594 -0.924186 -0.042299 0.934363 0.661417
  23 -7.631185 8.722606 47.840512 0.962283 0.106598 -0.250296 0.976834 0.692913
  23 -8.627703 5.767903 48.999902 0.372917 -0.910941 -0.176408 0.934363 0.732283
drill_instructor.BMP
  23 -7.631185 8.722606 47.840512 0.962283 0.106598 -0.250296 0.976834 0.692913
  22 -6.825315 9.058441 50.082267 0.914407 0.092001 -0.394203 0.976834 0.744094
  23 -8.627703 5.767903 48.999902 0.372917 -0.910941 -0.176408 0.934363 0.732283
drill_instructor.BMP
  23 -8.627703 5.767903 48.999902 0.372917 -0.910941 -0.176408 0.934363 0.732283
  22 -6.825315 9.058441 50.082267 0.914407 0.092001 -0.394203 0.976834 0.744094
  22 -7.780239 5.511269 50.782831 0.396388 -0.862975 -0.313291 0.934363 0.767717
drill_instructor.BMP
  22 -6.825315 9.058441 50.082267 0.914407 0.092001 -0.394203 0.976834 0.744094
  22 -4.971885 8.462134 54.221616 0.936985 0.153597 -0.313795 0.976834 0.814961
  22 -7.780239 5.511269 50.782831 0.396388 -0.862975 -0.313291 0.934363 0.767717
drill_instructor.BMP
  22 -7.780239 5.511269 50.782831 0.396388 -0.862975 -0.313291 0.934363 0.767717
  22 -4.971885 8.462134 54.221616 0.936985 0.153597 -0.313795 0.976834 0.814961
  22 -6.447515 5.207251 54.617661 0.454091 -0.847584 -0.274595 0.934363 0.830709
drill_instructor.BMP
  22 -4.971885 8.462134 54.221616 0.936985 0.153597 -0.313795 0.976834 0.814961
  22 -4.030070 7.775694 57.589388 0.999852 0.015499 0.007400 0.976834 0.874016
  22 -6.447515 5.207251 54.617661 0.454091 -0.847584 -0.274595 0.934363 0.830709
drill_instructor.BMP
  22 -6.447515 5.207251 54.617661 0.454091 -0.847584 -0.274595 0.934363 0.830709
  22 -4.030070 7.775694 57.589388 0.999852 0.015499 0.007400 0.976834 0.874016
  22 -5.270655 4.737331 57.525353 0.362010 -0.931726 0.028901 0.934363 0.881890
drill_instructor.BMP
  22 -4.030070 7.775694 57.589388 0.999852 0.015499 0.007400 0.976834 0.874016
  22 -4.604684 5.980975 58.924043 0.712792 -0.335196 0.616093 0.976834 0.905512
  22 -5.270655 4.737331 57.525353 0.362010 -0.931726 0.028901 0.934363 0.881890
drill_instructor.BMP
  14 9.745359 6.563152 60.022697 -0.151198 -0.248396 0.956785 0.799228 0.921260
  14 11.346904 7.867230 59.800806 0.393706 0.052901 0.917713 0.772201 0.905512
  14 9.411227 8.589911 59.726718 -0.488479 0.286888 0.824065 0.698842 0.905512
drill_instructor.BMP
  14 9.411227 8.589911 59.726718 -0.488479 0.286888 0.824065 0.698842 0.905512
  14 11.346904 7.867230 59.800806 0.393706 0.052901 0.917713 0.772201 0.905512
  14 9.578724 10.250442 58.474367 -0.332087 0.802569 0.495581 0.698842 0.870079
drill_instructor.BMP
  14 11.346904 7.867230 59.800806 0.393706 0.052901 0.917713 0.772201 0.905512
  14 12.613395 8.675378 58.777920 0.631619 0.423912 0.649119 0.752896 0.866142
  14 9.578724 10.250442 58.474367 -0.332087 0.802569 0.495581 0.698842 0.870079
drill_instructor.BMP
  14 9.578724 10.250442 58.474367 -0.332087 0.802569 0.495581 0.698842 0.870079
  14 12.613395 8.675378 58.777920 0.631619 0.423912 0.649119 0.752896 0.866142
  14 12.008334 11.857730 53.633074 -0.276887 0.959456 0.052698 0.698842 0.783465
drill_instructor.BMP
  14 12.613395 8.675378 58.777920 0.631619 0.423912 0.649119 0.752896 0.866142
  14 14.719131 10.386609 54.080158 0.905400 0.306100 0.294200 0.752896 0.759843
  14 12.008334 11.857730 53.633074 -0.276887 0.959456 0.052698 0.698842 0.783465
drill_instructor.BMP
  14 12.008334 11.857730 53.633074 -0.276887 0.959456 0.052698 0.698842 0.783465
